0 0
0 0
0 0
0 0

0 0
0 0
0 0
0 0
0 0
0 0
0 0
0 0
0 0
0 0
0 0
0 0
0 0
0 0
0 0
0 0
0 0
0 0
0 0
0 0
0 0
0 0
0 0
74 0
218 0
353 0
553 0
815 0
1061 0
1365 0
1724 0
2135 0
2520 0
2955 0
3437 0
3889 0
4386 0
4926 0
5433 0
5982 0
6571 0
7123 1
7566 2
7982 3

6449 49
6490 50

6455 51
6422 52
6391 53

6288 54
6191 55

6101 56
6016 57

5862 58
5792 58

5800 58
5808 58
5889 58
6039 58
6106 59
6169 60
6228 61
6209 62
6191 63
6175 64
6160 65
6071 66
5988 67
5984 67
6054 67
6046 68
6039 69
6032 70
5951 71
5950 71
6023 71
6017 72
6011 73
6006 74
6001 75
5922 76
5922 76
5996 76
6140 76
6275 77
6327 78
6376 79
6348 80
6322 81
6297 82
6200 83
6109 84
5950 85
5875 85
5878 85

6146 108
5984 109
5906 109
5907 109
5908 109
5983 109
6128 109
6189 110
6247 111
6301 112
6352 113
6325 114
6300 115
6203 116
6112 117
6026 118
5872 119
5801 119
5809 119
5890 119
5966 119
6112 119
6248 120
6302 121
6353 122
6400 123
6370 124
6342 125
6316 126
6292 127
6195 128
6104 129
6019 130
5865 131
5795 131
5803 131
5885 131
5962 131
6387 167
6284 168
6188 169
6098 170
5939 171
5864 171
5868 171
5872 171
5949 171
6096 171
6233 172
5844 173
5553 173
5354 173
5168 173
5067 173
5047 173
5102 173
5228 173
5346 173
5530 173
5777 173
6082 173
6368 174
6562 175
6744 176
6915 177
7075 178
7225 179
7366 180

7424 181
7478 182
7529 183
7577 184
7622 185

7664 186
7703 187
7740 188
7701 189
7664 190

7629 191
7597 192
7567 193

7465 194
7369 195
7279 196
7195 197
7116 198

7042 199
6898 200
6763 201

6637 202
6519 203
6408 204
6304 205
6132 206
5971 207
5894 207
5896 207
5972 207
6117 207
6179 208
6237 209
6292 210
6343 211
6391 212

6436 213
6404 214
6374 215
6346 216
6320 217
6221 218
6129 219
6042 220
5961 221
5885 221
5888 221
5964 221
5592 221
5243 221
4990 221
4827 221
4748 221
4748 221
4748 221
4822 221
4965 221
5173 221
5442 221
5768 221
6074 222
6361 223
6556 224
6739 225
6910 226
7071 227
7222 228
7363 229
7421 230
7476 231
7527 232
7575 233
7620 234
7662 235
5808 276
5445 276
5105 276
4786 276
4487 276
4207 276
3945 276
3699 276
3468 276
3252 276
3049 276
2859 276
2681 276
2514 276
2357 276
2210 276
2072 276
2017 276
2039 276
2134 276
2297 276
2524 276
2811 276
3154 276
3549 276
3994 276
4485 276
5019 276
5594 276
6207 276
6782 277
7321 278
7826 279
8299 280
8743 281
9159 282
9549 283
14658 331
14630 332
14604 333
14580 334
14557 335
14536 336
14442 337
13540 338
12694 339
11901 340
11158 341
10461 342
9808 343
9195 344
8621 345
8083 346
7578 347
7105 348
6661 349
6245 350
5855 351
5490 351
5147 351
4826 351
4525 351
4243 351
3978 351
3730 351
3497 351
3279 351
3075 351
2883 351
2703 351
2535 351
2377 351
2229 351
2090 351
9074 366
9099 367
9123 368
8923 369
8736 370
8560 371
8395 372
8241 373
8096 374
7960 375
7833 376
7566 377
7316 378
7081 379
6861 380
6655 381
6462 382
6281 383
6111 384
5952 385
5654 385
5449 385
5331 385
5294 385
5334 385
5445 385
5623 385
5864 385
6164 385
6223 386
6279 387
6331 388
6380 389
6426 390
6469 391
6509 392
6547 393
6403 428
6373 429
6345 430
6319 431
6295 432
6272 433
6250 434
6230 435
6211 436
6045 437
5890 438
5818 438
5825 438
5905 438
5832 438
5838 438
5918 438
6067 438
6206 439
6337 440
6459 441
6574 442
6460 443
6353 444
6252 445
6158 446
6070 447
5987 448
5983 448
6054 448

5972 449
5969 449
5966 449
6038 449
6105 450
6168 451
6227 452
6282 453
6334 454
6383 455

6281 456
6185 457
6095 458
6011 459
5932 460
5932 460
6006 460
6075 461
6140 462
5979 463
5902 463
5904 463
5979 463
6124 463
6260 464
6387 465
6506 466
6618 467
6501 468
6391 469
6140 470
5905 471
5758 471
5695 471
5710 471
5798 471
5954 471
6174 471
6381 472
6501 473
6465 474
6431 475
6400 476
6370 477
6342 478
6316 479
6292 480
6269 481
7326 507
7609 508
7874 509
8122 510
8355 511
8573 512
8630 513
8683 514
8733 515
8780 516
8824 517
8865 518
8903 519
8939 520
8973 521
9005 522
9035 523
9063 524
9089 525
9113 526
9136 527
9083 528
9034 529
8840 530
8658 531
8487 532
8327 533
8177 534
8036 535
7904 536
7780 537
7664 538
7555 539
7453 540
7358 541
7269 542
7185 543
9079 577
8882 578
8697 579
8524 580
8362 581
8210 582
8067 583
7933 584
7808 585
7690 586
7580 587
7477 588
7380 589
7067 590
6774 591
6499 592
6241 593
5999 594
5847 594
5778 594
5787 594
5870 594
6022 594
6016 595
6010 596
6005 597
6000 598
5995 599
6065 599
6130 600
6191 601
6249 602
6081 603
5923 604
5849 604
5854 604
5933 604
13062 626
13208 627
13345 628
13473 629
13593 630
13706 631
13812 632
13911 633
14004 634
14091 635
14173 636
14250 637
14322 638
14389 639
14452 640
14511 641
14567 642
14619 643
14668 644
14714 645
14757 646
14649 647
14548 648
14453 649
14364 650
14281 651
14203 652
14130 653
14061 654
13997 655
13937 656
13880 657
13827 658
13777 659
13730 660
12872 661
2396 673
2691 673
3041 673
3443 673
3894 673
4243 673
4644 673
5094 673
5590 673
6129 673
6634 674
7108 675
7552 676
7968 677
8136 678
8294 679
8442 680
8581 681
8711 682
8833 683
8947 684
9054 685
9155 686
9027 687
8907 688
8795 689
8690 690
8591 691
8499 692
8412 693
8331 694
8255 695
8036 696
7830 697
7637 698
7456 699
7286 700
6636 734
6666 735
6694 736
6572 737
6458 738
6351 739
6251 740
6157 741
6069 742
5986 743
5982 743
6053 743
5897 744
5825 744
5831 744
5911 744
6060 744
6200 745
6331 746
6454 747
6569 748
6455 749
6348 750
6248 751
6154 752
6066 753
5983 754
5980 754
6051 754
6117 755
6031 756
5951 757
5950 757
5875 758
5878 758
5955 758
6101 758

6219 760
6201 761
6184 762
6168 763
6153 764

5917 765
5770 765
5706 765
5720 765
5807 765
5963 765
6183 765
6389 766

6360 767
6333 768
6308 769
6284 770
6262 771
6241 772
6221 773
6203 774
6038 775
5883 776
5812 776
5819 776
5900 776
6050 776
6190 777
6322 778
6445 779
6561 780
6447 781
6341 782
6241 783
6147 784
6059 785
5977 786
5974 786
6045 786
6112 787
5952 788
5876 788
5879 788
5956 788
6102 788
6239 789
6368 790
6488 791
6601 792
6559 793
6520 794
5827 828
5463 828
5196 828
5020 828
4929 828
4917 828
4980 828
5113 828
5164 828
5286 828
5474 828
5724 828
6033 828
6322 829
6593 830
6847 831
7086 832
7310 833
7520 834
7716 835
7900 836
8073 837
8161 838
8243 839
8172 840
8106 841
8044 842
7986 843
7931 844
7880 845
7832 846
7787 847
7745 848
7705 849
7668 850
7633 851
7600 852
8615 885
8817 886
8784 887
8753 888
8724 889
8697 890
8672 891
8648 892
8626 893
8605 894
8586 895
8568 896
8551 897
8535 898
8520 899
8506 900
8493 901
8481 902
8247 903
8028 904
7823 905
7631 906
7451 907
7282 908
7123 909
6974 910
6835 911
6704 912
6581 913
6466 914
6358 915
6109 916
5876 917
5731 917
5669 917
5611 917
5631 917

6370 919
6416 920
6459 921
6500 922
6538 923
6574 924
6608 925
6639 926
6669 927

6475 928
6293 929
6122 930
5962 931
5886 931
5519 931
5175 931
4852 931
4549 931
4265 931
3999 931
3750 931
3516 931
3297 931
3091 931
2898 931
2717 931
2548 931
2389 931
2240 931
2100 931
1969 931
1920 931
1948 931
2049 931
2217 931
2449 931
2740 931
3087 931
3487 931
3936 931
4430 931
4894 932
5403 932
5954 932
6544 932
7097 933
7616 934
13134 982
13054 983
12979 984

12168 985
11408 986
10695 987
10027 988
9401 989
8814 990
8264 991
7748 992
7264 993
6810 994
6385 995
5986 996
5612 996
5262 996
4934 996
4626 996
4337 996
4066 996
3812 996
3574 996
3351 996
3142 996
2946 996
2762 996
2590 996
2429 996
2278 996
2136 996
2003 996
1878 996
1761 996
1651 996
1548 996
1452 996
1362 996
1277 996
1198 996
1124 996
11697 1015
11844 1016
11982 1017
12112 1018
11831 1019
11568 1020
11321 1021
11090 1022
10873 1023
10670 1024
10480 1025
10301 1026
10134 1027
9575 1028
9051 1029
8560 1030
8099 1031
7667 1032
7262 1033
6883 1034
6527 1035
6194 1036
5881 1037
5662 1037
5531 1037
5482 1037
5510 1037
5610 1037
5704 1038
5866 1038
6092 1038
6304 1039
6502 1040
6688 1041
6862 1042
7026 1043
6889 1077
6977 1078
7059 1079
7136 1080
7208 1081
7276 1082
7340 1083
7400 1084
7456 1085
7508 1086
7557 1087
7603 1088
7646 1089
7687 1090
7725 1091
7761 1092

7720 1093
7682 1094

7572 1095
7469 1096

7299 1097
7139 1098

6915 1099
6705 1100
6434 1101
6180 1102
5942 1103
5793 1103
5727 1103
5740 1103
5826 1103
5980 1103
6199 1103
6404 1104
6596 1105
6776 1106
6871 1107
6960 1108
6969 1109
6978 1110
6912 1111
6850 1112
6718 1113
6595 1114
6405 1115
6227 1116
5986 1117
5834 1117
5766 1117
5776 1117
5859 1117
6011 1117
6154 1118
6288 1119
6413 1120
6531 1121
6641 1122
6744 1123
6841 1124
5808 1159
5987 1159
6229 1159
6456 1160
6669 1161
6869 1162
7056 1163
7231 1164
7396 1165
7550 1166
7695 1167
7831 1168
7958 1169
8077 1170
8189 1171
8294 1172
8392 1173
8484 1174
8570 1175
8651 1176
8727 1177
8724 1178
8721 1179
8628 1180
8541 1181
8230 1182
7938 1183
7664 1184
7407 1185
7167 1186
6942 1187
6731 1188
6533 1189
6273 1190
6029 1191
5727 1192
5327 1225
4995 1225
4757 1225
4534 1226
4399 1226
4347 1226
4372 1226
4469 1226
4634 1226
4863 1226
5152 1226
5496 1226
5893 1226
6339 1226
6757 1227
7149 1228
7517 1229
7862 1230
8185 1231
8488 1232
8772 1233
9038 1234
9288 1235
9522 1236
9741 1237
9947 1238
10140 1239
10173 1240
10204 1241
10159 1242
10117 1243
10003 1244
9896 1245
9722 1246
9559 1247
9406 1248
7438 1284
7196 1285
6969 1286
6682 1287
6413 1288
6087 1289
5781 1290
5510 1290
5322 1290
5146 1290
5047 1290
4978 1290
4987 1290
5070 1290
5222 1290
5438 1290
5715 1290
6048 1290
6360 1291
6653 1292
6928 1293
7185 1294
7426 1295
7652 1296
7864 1297
8063 1298
8250 1299
8425 1300
8589 1301
8743 1302
8887 1303
9022 1304
9149 1305
9268 1306
9379 1307
9483 1308

5952 1346
5794 1346

5662 1346
5605 1346

5567 1346
5598 1346

5651 1346
5766 1346
5874 1346
6049 1346
6213 1347
6367 1348
6512 1349
6647 1350
6774 1351
6893 1352
7005 1353
6732 1354
6476 1355
6236 1356
6011 1357
5800 1358
5676 1358
5634 1358
5594 1359
5393 1359
5270 1359
5171 1359
5144 1359
5135 1359
5193 1359
5337 1359
5546 1359
5816 1359
6143 1359
6450 1360
6737 1361
7006 1362
7259 1363
7496 1364
7718 1365
7926 1366
8121 1367
8584 1410
8360 1411
8150 1412
7953 1413
7530 1414
7134 1415
6689 1416
6271 1417
5880 1418
5513 1418
5259 1418
5095 1418
5015 1418
5014 1418
5087 1418
5230 1418
5438 1418
5707 1418
6033 1418
6338 1419
6624 1420
6892 1421
7144 1422
7290 1423
7279 1424
7269 1425
7185 1426
7106 1427
6958 1428
6820 1429
6616 1430
6425 1431
6172 1432
5935 1433
5729 1433
5601 1433
10619 1456
10696 1457
10768 1458
10835 1459
10898 1460
10957 1461
11013 1462
11065 1463
11114 1464
11160 1465
11203 1466
11243 1467
11281 1468
11316 1469
11349 1470
11380 1471
11409 1472
11436 1473
11462 1474
11486 1475
11509 1476
11530 1477
11550 1478
11569 1479
11586 1480
11602 1481
11617 1482
11631 1483
11645 1484
11658 1485
11670 1486
11681 1487
11691 1488
11701 1489
11710 1490
5267 1528
5118 1528
5045 1528
4730 1528
4525 1528
4423 1528
4237 1528
4153 1528
4164 1528
4084 1528
4099 1528

3933 1528
3868 1528

3717 1528
3665 1528
3706 1528
3835 1528
3776 1529
3810 1529
3932 1529
3957 1529
4070 1529
4086 1529
4191 1529
4380 1529
4377 1529
4284 1529
4287 1529
4380 1529
4197 1529
4115 1529
4128 1529
3870 1529
3629 1529
3403 1529
3191 1529
2992 1529
2805 1529
2630 1529
2466 1529
2312 1529
2168 1529
2033 1529
1906 1529
1787 1529
1676 1529
1572 1529
1474 1529
1382 1529
1296 1529

941 1529
883 1529
828 1529
777 1529
729 1529
684 1529
642 1529
602 1529
565 1529
530 1529
497 1529
466 1529
437 1529
410 1529
385 1529
361 1529
339 1529
318 1529
299 1529
281 1529
264 1529
248 1529
233 1529
219 1529
206 1529
194 1529
182 1529
171 1529
161 1529
151 1529
142 1529
134 1529
126 1529
119 1529
112 1529
105 1529
99 1529
93 1529
12905 1547
13087 1548
13258 1549
13418 1550
13568 1551
13708 1552
13840 1553
13963 1554
14079 1555
14188 1556
14290 1557

14385 1558
14474 1559
14558 1560
14637 1561
14711 1562
14780 1563
14845 1564
14906 1565
14963 1566
15016 1567
15066 1568

15039 1569
15014 1570
14916 1571
14824 1572
14664 1573
14514 1574
14299 1575
14098 1576
13835 1577
13589 1578
13284 1579
12998 1580
12656 1581
12335 1582
11961 1583
11610 1584
11215 1585
10845 1586
10498 1587
10172 1588
9867 1589
9581 1590
9313 1591
9061 1592
8825 1593
8604 1594
8397 1595
8203 1596
8021 1597
7850 1598
7690 1599
7540 1600
7399 1601
7267 1602
7143 1603
7027 1604
11433 1628
11533 1629
11627 1630
11641 1631
11654 1632
11592 1633
11534 1634
11406 1635
11286 1636
11099 1637
10924 1638
10686 1639
10463 1640
10180 1641
9914 1642
9591 1643
9288 1644
8930 1645
8594 1646
8205 1647
7841 1648
7499 1649
7179 1650
6879 1651
6598 1652
6334 1653
6087 1654
5855 1655
5712 1655
5651 1655
5668 1655
5758 1655
5917 1655
6140 1655
6349 1656
6545 1657

5755 1673
5626 1673

5521 1673
5488 1673

5457 1673
5494 1673

5463 1673
5508 1673
5624 1673
5807 1673
6053 1673
6283 1674
6499 1675
6701 1676
6891 1677
7069 1678
7236 1679
7392 1680
7538 1681
7675 1682
7804 1683
7925 1684
8038 1685
8144 1686
8243 1687
8336 1688
8423 1689
8505 1690
8582 1691
8654 1692
8722 1693
8785 1694
8844 1695
8900 1696
8952 1697
8393 1698
7869 1699
7378 1700
6917 1701
6485 1702
6080 1703
5700 1704
5344 1704
6434 1727
6032 1728
5655 1729
5302 1729
5045 1729
4730 1729
4435 1729
4158 1729
3899 1729
3656 1729
3428 1729
3214 1729
3014 1729
2826 1729
2650 1729
2559 1729
2548 1729
2611 1729
2744 1729
2943 1729
3204 1729
3522 1729
3894 1729
4317 1729
4788 1729
5303 1729
5860 1729
6456 1729
7015 1730
7539 1731
8030 1732
8491 1733
8923 1734
9328 1735
9707 1736
10063 1737
4035 1773
3783 1773
3547 1773
3326 1773
3193 1773
3142 1773
3168 1773
3266 1773
3432 1773
3662 1773
3952 1773
4297 1773
4695 1773
5142 1773
5635 1773
6171 1773
6674 1774
7145 1775
7587 1776
8001 1777
8389 1778
8753 1779
9094 1780
9414 1781
9714 1782
9995 1783
10259 1784
10506 1785
10738 1786
10955 1787
11159 1788
11350 1789
11529 1790
11697 1791
11854 1792
12002 1793

12392 1796
12506 1797
12613 1798
12713 1799
12807 1800
12895 1801
12978 1802
13055 1803

12388 1804
11762 1805
11175 1806
10625 1807
10109 1808
9626 1809
9025 1810
8461 1811
7933 1812
7438 1813
6974 1814
6539 1815
6131 1816
5748 1817
5389 1817
5053 1817
4738 1817
4442 1817
4165 1817
3905 1817
3661 1817
3433 1817
3219 1817
3018 1817
2830 1817
2654 1817
2489 1817
2334 1817
2279 1817
2137 1817
2094 1817
2144 1817
2190 1817
2308 1817
2492 1817
2739 1817
3044 1817
14932 1852
14993 1853
15050 1854
15104 1855
15154 1856
15201 1857
15245 1858
15287 1859
15326 1860
15363 1861
15397 1862
15429 1863
15459 1864
15487 1865
15514 1866
15539 1867
15562 1868
15584 1869
15604 1870
15073 1871
14575 1872
13961 1873
13385 1874
12845 1875
12043 1876
11291 1877
10586 1878
9925 1879
9305 1880
8724 1881
8179 1882
7668 1883
7189 1884
6740 1885
6319 1886

3110 1887
2916 1887

2734 1887
2564 1887
2404 1887
2254 1887
2114 1887
1982 1887
1859 1887
1743 1887
1635 1887
1533 1887
1438 1887
1349 1887
1265 1887
1186 1887
1112 1887
1043 1887
978 1887
917 1887
860 1887
807 1887
757 1887
710 1887
666 1887
715 1887
671 1887
630 1887
591 1887
555 1887
521 1887
489 1887
459 1887
431 1887
405 1887
380 1887
357 1887
335 1887
315 1887
296 1887

39 1887
37 1887

35 1887
33 1887
31 1887
30 1887
29 1887
28 1887
27 1887
26 1887
25 1887
24 1887
23 1887
22 1887
21 1887
20 1887
19 1887
18 1887
17 1887
16 1887
15 1887
15 1887
15 1887
15 1887
15 1887
15 1887
15 1887
15 1887
15 1887
15 1887
15 1887
15 1887
15 1887
15 1887
15 1887
15 1887
15 1887
15 1887
15 1887
15 1887
15 1887
15 1887
5115 1916
4796 1916
4497 1916
4216 1916
3953 1916
3706 1916
3475 1916
3258 1916
3055 1916
2865 1916
2686 1916
2519 1916
2362 1916
2215 1916
2077 1916
1948 1916
1827 1916
1713 1916
1606 1916
1506 1916
1412 1916
1398 1916
1459 1916
1590 1916
1787 1916
2046 1916
2363 1916
2734 1916
3156 1916
3625 1916
4139 1916
4695 1916
5290 1916
5922 1916
6588 1916
7213 1917
5287 1958
4957 1958
4648 1958
4358 1958
4086 1958
3831 1958
3592 1958
3368 1958
3232 1958
3178 1958
2980 1958
2794 1958
2620 1958
2457 1958
2304 1958
2160 1958
2025 1958
1899 1958
1781 1958
1670 1958
1566 1958
1469 1958
1378 1958
1292 1958
1212 1958
1137 1958
1066 1958
1000 1958
938 1958
954 1958
1043 1958
1200 1958
1421 1958
1703 1958
2041 1958
2432 1958
15041 1993
15063 1994
14122 1995
13240 1996
12413 1997
11638 1998
10911 1999
10230 2000
9591 2001
8992 2002
8430 2003
7904 2004
7410 2005
6947 2006
6513 2007
6106 2008
5725 2009
5368 2009
5033 2009
4719 2009
4425 2009
4149 2009
3890 2009
3647 2009
3420 2009
3281 2009
3224 2009
3245 2009
3339 2009
3501 2009
3727 2009
4013 2009
4355 2009
4749 2009
5193 2009
5683 2009
3888 2044
3645 2044
3418 2044
3205 2044
3005 2044
2892 2044
2860 2044
2904 2044
3019 2044
3201 2044
3445 2044
3748 2044
4106 2044
4516 2044
4974 2044
5478 2044
6024 2044
6536 2045
7016 2046
7466 2047
7888 2048
8283 2049
8654 2050
9002 2051
9328 2052
9633 2053
9919 2054
10188 2055
10440 2056
10676 2057
10897 2058
11104 2059
11298 2060
11480 2061
11651 2062
11811 2063
4765 2101
4468 2101
4189 2101
3928 2101
3683 2101
3453 2101
3238 2101
3036 2101
2847 2101
2670 2101
2504 2101
2348 2101
2202 2101
2065 2101
1936 2101
1815 2101
1702 2101
1596 2101
1497 2101
1404 2101
1317 2101
1235 2101
1158 2101
1086 2101
1019 2101
956 2101
897 2101
841 2101
789 2101
740 2101
694 2101
651 2101
611 2101
573 2101
538 2101
505 2101
10715 2111
11036 2112
11337 2113
11619 2114
11883 2115
12131 2116
12363 2117
12581 2118
12785 2119
12976 2120
13155 2121
13323 2122
13481 2123
13629 2124
13768 2125
13898 2126
14020 2127
14134 2128
14241 2129
14341 2130
14435 2131
14523 2132
14606 2133
14684 2134
14757 2135

14759 2136
14761 2137
14763 2138
14765 2139
14767 2140
14769 2141
14770 2142
14771 2143
14772 2144
14773 2145
14774 2146
14775 2147
14776 2148
14777 2149
14778 2150
14779 2151
14780 2152
14781 2153
14782 2154
14783 2155
14784 2156
14784 2157
14784 2158
14784 2159
14784 2160
14784 2161
14784 2162
14784 2163
14784 2164
14784 2165
14784 2166
14784 2167
14784 2168
14784 2169
14784 2170
14784 2171

14784 2186
14784 2187
14784 2188
14784 2189
14784 2190
14784 2191
14784 2192
14784 2193
14784 2194
14784 2195
14784 2196
14784 2197
14784 2198
14784 2199
14784 2200
14784 2201
14784 2202
14784 2203
14784 2204
14784 2205
14784 2206
14784 2207
14784 2208
14784 2209
14784 2210
14784 2211
14784 2212
14784 2213
14784 2214
14784 2215
14784 2216
14784 2217
14784 2218
14784 2219
14784 2220
14784 2221

13860 2259
12994 2260
12182 2261
11421 2262
10708 2263
10039 2264
9412 2265
8824 2266
8273 2267
7756 2268
7272 2269
6818 2270
6392 2271
5993 2272
5619 2272
5268 2272
4939 2272
4631 2272
4342 2272
4071 2272
3817 2272
3579 2272
3356 2272
3147 2272
2951 2272
2767 2272
2595 2272
2433 2272
2281 2272
2139 2272
2006 2272
1881 2272
1764 2272
1654 2272
1551 2272
1455 2272
1365 2272
7822 2275
8324 2276
8794 2277
9235 2278
9648 2279
10035 2280
10398 2281
10739 2282
11058 2283
11357 2284
11638 2285
11901 2286
12148 2287
12379 2288
12596 2289
12799 2290
12990 2291
13169 2292
13336 2293
13493 2294
13640 2295
13778 2296
13907 2297
14028 2298
14142 2299
14249 2300
14349 2301
14443 2302
14531 2303
14415 2304
14307 2305
14205 2306
14110 2307
14021 2308
13937 2309
11502 2348
11378 2349
11261 2350
11152 2351
11049 2352
10953 2353
10863 2354
10779 2355
10700 2356
10626 2357
10556 2358
10491 2359
10232 2360
9989 2361
9761 2362
9547 2363
9347 2364
9159 2365
8983 2366
8818 2367
8663 2368
8518 2369
8382 2370
8255 2371
8136 2372
8024 2373
7919 2374
7821 2375
7729 2376
7642 2377
7561 2378
7485 2379
7216 2380
6963 2381
6726 2382
6504 2383
4174 2385
4706 2385
5270 2385
5865 2385
6489 2385
7074 2386
7622 2387
8136 2388
7628 2389
7152 2390
6705 2391
6286 2392
5894 2393
5526 2393
5181 2393
4858 2393
4555 2393
4271 2393
4005 2393
3755 2393
3521 2393
3301 2393
3095 2393
2902 2393
2721 2393
2551 2393
2392 2393
2243 2393
2103 2393
1972 2393
1849 2393
1734 2393
1626 2393
1525 2393
1430 2393
1341 2393
12569 2416
12180 2417
11815 2418
11473 2419
11152 2420
10851 2421
10569 2422
10305 2423
10057 2424
9825 2425
9607 2426
9403 2427
9212 2428
9033 2429
8865 2430
8707 2431
8559 2432
8421 2433
8093 2434
7786 2435
7498 2436
7228 2437
6975 2438
6738 2439
6515 2440
6306 2441
6110 2442
5927 2443
5821 2443
5788 2443
5823 2443
5922 2443
6080 2443
6228 2444
6367 2445
6498 2446
499 2450
600 2450
761 2450
978 2450
1247 2450
1566 2450
1931 2450
2339 2450
2787 2450
3273 2450
3795 2450
4350 2450
4937 2450
5553 2450
6196 2450
5809 2451
5446 2451
5106 2451
4787 2451
4488 2451
4208 2451
3945 2451
3699 2451
3468 2451
3252 2451
3049 2451
2859 2451
2681 2451
2514 2451
2357 2451
2210 2451
2072 2451
1943 2451
1822 2451
1709 2451
1603 2451
10250 2475
9610 2476
9010 2477
8447 2478
7920 2479
7425 2480
6961 2481
6526 2482
6119 2483
5737 2484
5379 2484
5043 2484
4728 2484
4433 2484
4156 2484
3897 2484
3654 2484
3426 2484
3212 2484
3012 2484
2824 2484
2648 2484
2483 2484
2328 2484
2183 2484
2047 2484
1920 2484
1800 2484
1688 2484
1583 2484
1485 2484
1393 2484
1306 2484
1225 2484
1149 2484
1078 2484
