0 0
0 0
0 0
0 0
0 0
0 0
0 0
0 0
0 0
0 0
0 0
0 0
0 0
0 0
0 0
0 0
0 0
0 0
0 0
0 0
0 0
0 0
0 0
0 0
0 0
0 0
0 0
0 0
0 0
0 0
0 0
74 0
218 0
427 0
7318 48
7453 48
7654 48
7842 48
8092 48
8253 49
8404 50
8545 51
8603 52
8658 53
8709 54
8683 55
8659 56
8636 57
8615 58
8521 59
8433 60
8350 61
8199 62
8057 63
7924 64
7799 64
7756 64
7790 64
7896 64
7995 64
8162 64
8318 65
8391 66
8459 67
8523 68
8509 69
8496 70
8483 71
8397 72
8317 73
8242 74
8171 75
8031 76
8002 115
8020 116
8037 117
8053 118
7994 119
8013 119
8031 120

8048 121
7989 122

8008 122
7952 123
7973 123

8067 123
8081 124

8094 125
8107 126
8045 127
7987 128

8006 128
8024 129
7967 130
7988 130
8081 130
8168 131
8176 132
8183 133
8190 134
8123 135
8060 136
8001 137
7945 138
7893 138
7918 138
8016 138
8033 139
8049 140
8064 141
8078 142
8018 143
7961 144
7982 144
8002 144
8020 145
8037 146
7979 147
7999 147
8018 147
8035 148
8051 149
8066 150
8006 151
7950 152
7972 152
7992 152
8085 152
8172 153
8320 188
8244 189
8173 190
8107 191
7971 192
7917 192
7867 192
7894 192
7993 192
8160 192
8242 193
8319 194
8392 195
8460 196
8450 197
8440 198
8431 199
8349 200
8272 201
8199 202
8057 203
7924 204
7873 204
7899 204
7924 204
8021 204
8038 205
8054 206
8069 207
8083 208
8022 209
7965 210
7912 210
7936 210
8032 210
8048 211
8063 212
13441 239
13415 240
13391 241
13369 242
13348 243
13328 244
13309 245
13218 246
13132 247
12978 248
12833 249
12697 250
12570 251
12451 252
12339 253
12234 254
12136 255
12044 256
11884 257
11734 258
11593 259
11387 260
11194 261
11013 262
10843 263
10684 264
10535 265
10395 266
10264 267
10141 268
9952 269
9774 270
9608 271
9378 272
9162 273
8960 274

8696 275
8449 276
8217 277

8000 278
7722 279
7536 279

7435 279
7415 279
7470 279
7522 279

7644 279
7833 279

8010 279
8176 280
8331 281
8403 282
8470 283
8533 284

8592 285
8647 286

8625 287
8604 288
8511 289
8424 290
8342 291
8191 292
8050 293
7917 294
7867 294
7820 294
7850 294
7952 294
8047 294
8137 295
8221 296
8226 297
8230 298
8234 299
8238 300
8168 301
8102 302
8040 303
7908 304
7858 304
7885 304
7985 304
8078 304
8166 305
8248 306
8251 307
8254 308
8257 309
8185 310
8118 311
8055 312
7996 313
7941 313
7963 313
3465 344
3249 344
3046 344
2856 344
2678 344
2511 344
2355 344
2208 344
2070 344
1941 344
1820 344
1707 344
1601 344
1501 344
1408 344
1320 344
1238 344
1161 344
1089 344
1021 344
958 344
899 344
843 344
791 344
816 344
839 344
927 344
1076 344
1281 344
1563 344
1918 344
2341 344
2803 344
3302 344
3860 344
4473 344
5114 344
5731 344

10876 378
10591 379
10324 380
10073 381
9838 382
9618 383
9411 384
9217 385
9035 386
8865 387

8459 388
8079 389
7723 390
7463 390
7293 390
7208 390
7202 390
7270 390
7260 390
7317 390
7460 390
7668 390
7937 390
8263 390
8569 391
8856 392
9125 393
9377 394
9613 395
9761 396
9899 397
9955 398
10007 399
9982 400
9959 401
9937 402
9916 403
9897 404
9879 405
9862 406
9846 407
9831 408
9817 409
9730 410
9648 411
9497 412
9356 413
9150 414
8065 455
8079 456
8019 457
7962 458
7925 458
7956 458
8001 458
8043 459
8083 460
8120 461
8155 462
8188 463
8219 464
8248 465
8275 466
8300 467
8324 468
8272 469
8223 470
8104 471
7992 472
7977 472
8037 472
8093 473
8072 474
8052 475
8033 476
8015 477
7999 478
8058 478
8113 479
8164 480
8138 481
8114 482
8001 483
7895 484
7886 484
8165 526
8107 527
8053 528
7936 529
7892 529
7851 529
7887 529
7995 529
8170 529
8334 530
8488 531
8632 532
8767 533
8894 534
8865 535
8837 536
8737 537
8643 538
8555 539
8473 540
8396 541
8324 542
8256 543
8192 544
8132 545
8076 546
8024 547
7975 548
7945 548
7983 548
8043 548
8099 549
8151 550
8200 551
8246 552
8289 553
8329 554
8827 592
8966 593
9022 594
9075 595
9050 596
9027 597
8931 598
8841 599
8757 600
8678 601
8604 602
8535 603
8470 604
8409 605
8352 606
8298 607
8174 608
8058 609
7859 610
7738 610
7649 610
7639 610
7704 610
7839 610
8040 610
8228 611
8404 612
8569 613

8560 614
8551 615
8543 616
8536 617
8529 618
8522 619
8516 620
8510 621
8505 622

8426 623
8352 624

8216 625
8089 626

7880 627
7758 627
7718 627
7680 628
7718 628
7828 628
8005 628
8171 629
8327 630

8325 631
8323 632
8321 633
8319 634
8318 635
8317 636
8316 637
8315 638
8314 639
8313 640
8312 641
8237 642
8167 643
8027 644
7896 645
7789 645
7755 645
7813 645
7941 645
8135 645
8317 646
8488 647
8648 648
8798 649
8939 650
9071 651
9121 652
9167 653
9137 654
9108 655
9007 656
8913 657
8824 658
8741 659
8663 660
8590 661
8522 662
8458 663
12081 690
12288 691
12482 692
12664 693
12835 694
12995 695
13145 696
13286 697
13418 698
13468 699
13515 700
13485 701
13457 702
13356 703
13262 704
13174 705
13091 706
13013 707
12940 708
12872 709
12808 710
12748 711
12692 712
12639 713
12590 714
12544 715
12500 716
12459 717
12421 718
12385 719
12351 720
12320 721
12290 722
12262 723
12162 724
12068 725
8430 767
8512 768
8588 769
8660 770
8727 771
8716 772
8706 773
8622 774
8544 775
8470 776
8401 777
8336 778
8275 779
8218 780
8165 781
8115 782
7994 783
7955 783
7992 783
8093 783
8114 784
8133 785
8077 786
8025 787
7976 788
8004 788
8030 789
8055 790
8078 791
8100 792
8120 793
8139 794
8157 795
8100 796
8046 797
7906 798
7840 798
8190 838
8295 839
8393 840
8485 841
8571 842
8652 843
8728 844
8799 845
8792 846
8785 847
8704 848
8628 849
8483 850
8347 851
8220 852
8101 853
7989 854
7958 854
8003 854
8045 855
8085 856
8122 857
8157 858
8190 859
8147 860
8106 861
7994 862
7955 862
7918 862
7950 862
8070 862
8182 863
8287 864
8386 865
8174 866
7976 867
7814 867

7491 867
7359 867

6900 867
6469 867
6065 867
5686 867
5331 867
4998 867
4686 867
4394 867
4120 867
3863 867
3622 867
3396 867
3184 867
2985 867
2799 867
2625 867
2461 867
2308 867
2164 867
2029 867
1903 867
1785 867
1674 867
1570 867
1472 867
1380 867
1294 867

1214 867
1139 867

1068 867
1002 867
940 867
882 867
827 867
776 867
728 867
683 867
641 867
601 867
564 867
529 867
496 867
465 867
436 867
409 867
384 867
360 867
338 867
317 867
298 867
280 867
263 867
247 867
232 867
218 867
205 867
193 867
181 867
170 867
160 867
150 867
141 867
133 867
125 867
118 867
111 867
105 867
99 867
93 867

15 867
15 867
15 867
15 867
15 867
15 867

15 867
15 867
15 867
15 867
15 867
15 867
15 867
15 867
15 867
15 867
15 867
15 867
15 867
15 867
15 867
15 867
15 867
15 867
15 867
89 867
232 867
292 867
414 867
595 867
830 867
1117 867
1452 867
1832 867
2278 867
2786 867
3352 867
3973 867
4645 867
5365 867
6106 867
6817 867
7549 867
8310 867
9023 868
9692 869
7272 912
7402 912
7540 912
7735 912
8008 912
8264 913
8504 914
8729 915
8940 916
9138 917
9323 918
9497 919
9660 920
9739 921
9813 922
9808 923
9803 924
9725 925
9652 926
9583 927
9519 928
9459 929
9402 930
9349 931
9225 932
9109 933
8926 934
8755 935
8594 936
8443 937
8302 938
8170 939
8046 940
7930 941
7821 941
7785 941
7775 941
7898 979
7923 980
8020 980
8111 981
8197 982
8277 983
8352 984
8422 985
8414 986
8407 987
8326 988
8250 989
8105 990
7969 991
7907 991
7939 991
8043 991
8141 992
8233 993
8245 994
8256 995
8192 996
8132 997
8002 998
7880 999
7840 999
7876 999
7984 999
8159 999
8324 1000
8478 1001
8623 1002
8759 1003
8812 1004
8862 1005
8835 1006
8809 1007
8043 1043
8059 1044
8074 1045
8088 1046

8101 1047
8113 1048
8124 1049

8061 1050
8002 1051
7872 1052
7816 1052
7780 1052
7812 1052
7916 1052
8088 1052
8249 1053
8400 1054
8541 1055
8600 1056
8655 1057

8641 1058
8627 1059

8524 1060
8296 1061
8082 1062
7881 1063
7767 1063
7734 1063
7777 1063
7661 1063
7627 1063
7669 1063
7782 1063
7962 1063
8205 1063
8433 1064
8646 1065
8624 1066
8603 1067
8584 1068
8566 1069
8401 1070
8246 1071
8101 1072
7965 1073
7912 1073
7936 1073
8032 1073
8122 1074
8207 1075
8065 1076
7931 1077
7880 1077
7906 1077
7782 1077
7740 1077
7775 1077
7882 1077
8056 1077
7437 1094
8009 1094
8323 1095
8617 1096
8893 1097
9152 1098
9394 1099
9621 1100
9834 1101
10034 1102
10221 1103
10397 1104
10562 1105
10716 1106
10861 1107
10997 1108
11124 1109
11243 1110
11355 1111
11460 1112
11558 1113
11428 1114
11306 1115
11192 1116
11085 1117
10985 1118
10891 1119
10803 1120
10720 1121
10642 1122
10569 1123
10501 1124
10437 1125
10229 1126
10034 1127
7640 1155
7755 1155
7937 1155
8181 1155
8410 1156
8625 1157
8826 1158
8867 1159
8905 1160
8941 1161
8975 1162
8785 1163
8606 1164
8439 1165
8282 1166
8135 1167
7997 1168
7942 1168
7964 1168

7837 1168
7792 1168
7823 1168
7927 1168
8098 1168
8258 1169
8408 1170
8549 1171
8681 1172
8805 1173

8773 1174
8669 1175
8572 1176
8481 1177
8395 1178
8315 1179
8240 1180
8169 1181
8103 1182
7893 1183
7770 1183
7729 1183
7764 1183
7279 1183
6825 1183
6399 1183
6000 1183
5625 1183
5274 1183
4945 1183
4636 1183
4347 1183
4076 1183
3822 1183
3584 1183
3360 1183
3150 1183
2954 1183
2770 1183
2597 1183
2435 1183
2283 1183
2141 1183
2008 1183
1883 1183
1766 1183
1656 1183

1200 1183
1125 1183
1055 1183

990 1183
929 1183
871 1183
817 1183
766 1183
719 1183
675 1183
633 1183
594 1183
557 1183
523 1183
491 1183
461 1183
433 1183
406 1183
381 1183
358 1183
336 1183
315 1183
296 1183
278 1183
261 1183
245 1183
230 1183
216 1183
203 1183
191 1183
180 1183

169 1183
159 1183

150 1183
141 1183
133 1183

125 1183
118 1183
111 1183
105 1183
99 1183
93 1183
88 1183
83 1183
78 1183
74 1183
70 1183
66 1183
62 1183
59 1183
56 1183
53 1183
50 1183
47 1183
45 1183
43 1183
41 1183
39 1183
37 1183
35 1183
33 1183
31 1183
30 1183
29 1183
28 1183
101 1183
243 1183
450 1183
718 1183
1044 1183
1423 1183
1853 1183
2330 1183
2851 1183
3413 1183
10977 1221
10793 1222
10621 1223
10460 1224
10309 1225
10167 1226
10034 1227
9909 1228
9792 1229
9682 1230
9505 1231
9339 1232
9184 1233
9038 1234
8902 1235
8700 1236
8511 1237
8260 1238
8024 1239
7729 1240
7518 1240
7337 1240
7167 1241
7032 1241
6979 1241
7003 1241
7100 1241
7265 1241
7493 1241
7773 1241
7740 1241
7783 1241
7897 1241
8078 1241
8248 1242
8407 1243

7247 1269
7313 1269

7390 1269
7529 1269

7675 1269
7886 1269
8158 1269
8413 1270
8652 1271
8876 1272
9086 1273
9283 1274
9467 1275
9640 1276
9802 1277
9954 1278
10096 1279
10229 1280
10354 1281

10397 1282
10438 1283
10402 1284
10368 1285
10270 1286
10179 1287
9937 1288
9710 1289
9498 1290
9299 1291
8718 1292
8174 1293
7664 1294
7259 1294
6954 1294
6742 1294
6617 1294
6574 1294
6608 1294
6713 1294
6886 1294
7122 1294
7417 1294
7768 1294
8171 1294
8105 1295
8043 1296
7985 1297
8004 1297
8022 1298
8039 1299
7685 1300
7427 1300
7259 1300
7176 1300
7172 1300
7242 1300
7069 1323
7146 1323
7292 1323
7503 1323
7775 1323
8104 1323
8412 1324
8701 1325
8972 1326
9226 1327
9464 1328
9687 1329
9896 1330
10092 1331
9906 1332
9731 1333
9567 1334
9414 1335
9270 1336
9135 1337
9009 1338
8890 1339
8335 1340
7815 1341
7401 1341
7087 1341
6867 1341
6438 1341
6036 1341
5659 1341
5306 1341
4975 1341
4665 1341
4374 1341
4175 1341
4063 1341

8358 1342
8502 1343
8637 1344
8764 1345
8883 1346
8994 1347
9098 1348
9196 1349
9288 1350
9374 1351
9455 1352
9531 1353
9602 1354
9668 1355
9730 1356
9788 1357
9843 1358
9894 1359
9942 1360

9617 1361
9312 1362
9026 1363
8758 1364
8507 1365
8272 1366
8051 1367
7844 1368
7724 1368
7686 1368
7724 1368
7834 1368
8011 1368
8177 1369
8332 1370
8478 1371
8615 1372
8743 1373
8863 1374
8976 1375
9081 1376
9180 1377
9273 1378
9360 1379
9441 1380
9517 1381
9589 1382
9656 1383
9719 1384
9778 1385
9833 1386
9885 1387
9934 1388
9536 1389
9162 1390
8812 1391
8484 1392
7717 1414
7975 1414
8291 1414
8587 1415
8865 1416
9125 1417
9369 1418
9598 1419
9813 1420
10014 1421
10203 1422
10380 1423
10398 1424
10193 1425
10000 1426
9819 1427
9650 1428
9269 1429
8912 1430
8577 1431
8263 1432
7969 1433
7783 1433
7699 1433
7488 1433
7380 1433
7369 1433
6909 1433
6478 1433
6074 1433
5695 1433
5430 1433
5091 1433
4773 1433
4475 1433
4196 1433

3041 1433
2851 1433
2673 1433
2506 1433
2350 1433
2204 1433
2067 1433
1938 1433
1817 1433
1704 1433
1598 1433
1499 1433
1406 1433
1319 1433
1237 1433
1160 1433
1088 1433
1020 1433
957 1433
898 1433
842 1433
790 1433
741 1433
695 1433
652 1433
612 1433
574 1433
539 1433
506 1433
475 1433
446 1433
419 1433
393 1433
369 1433
346 1433
325 1433
305 1433
286 1433
7615 1433
8438 1433
9209 1434
9932 1435
10610 1436
11245 1437
11841 1438
12399 1439
12923 1440
13414 1441
13874 1442
14305 1443
14709 1444
15088 1445
15443 1446
15702 1447
15945 1448
16107 1449
16259 1450
15891 1451
15546 1452
15223 1453
14920 1454
14636 1455
14370 1456
14120 1457
13886 1458
13667 1459
13461 1460
13268 1461
13087 1462
12918 1463
12759 1464
12610 1465
12470 1466
8759 1486
8886 1487
9005 1488
9117 1489
9222 1490
9320 1491
9412 1492
9498 1493
9579 1494
9655 1495
9726 1496
9793 1497
9855 1498
9240 1499
8663 1500
8122 1501
7615 1502
7140 1502
6694 1502
6350 1502
6102 1502
5943 1502
5868 1502
5872 1502
5949 1502
6096 1502
6307 1502
6579 1502
6168 1502
5857 1502
5639 1502
5509 1502
5461 1502
5490 1502
5591 1502
5760 1502
6799 1528
6597 1528
6481 1528
6446 1528
6488 1528
6601 1528
6781 1528
7024 1528
7251 1529
7538 1529
7881 1529
7463 1529
7145 1529
6921 1529
6785 1529
6731 1529
6755 1529
6851 1529
7015 1529
7169 1530
7387 1530
7666 1530
8001 1530
8315 1531
8610 1532
8886 1533
9145 1534
9388 1535
9616 1536
9829 1537
10029 1538
10217 1539
10393 1540
9744 1541
9135 1542
8565 1543
13213 1573
13276 1574
13335 1575
13390 1576
13442 1577
13490 1578
13535 1579
13578 1580
13618 1581
13655 1582
13690 1583
13723 1584
13754 1585
13783 1586
13810 1587
13095 1588
12425 1589
11797 1590
11208 1591
10656 1592
10138 1593
9653 1594
9198 1595
8772 1596
8372 1597
7997 1598
7720 1598
7534 1598
7434 1598
7414 1598
7469 1598
7595 1598
7787 1598
8041 1598
8279 1599
8338 1628
7817 1629
7329 1629
6871 1629
6442 1629
6040 1629
5663 1629
5310 1629
4979 1629
4668 1629
4377 1629
4104 1629
3848 1629
3608 1629
3383 1629
3172 1629
2974 1629
2789 1629
2615 1629
2452 1629
2299 1629
2156 1629
2022 1629
1896 1629
1778 1629
1667 1629
1563 1629
1466 1629
1375 1629
1290 1629
1210 1629
1135 1629
1065 1629
999 1629
937 1629
879 1629
12982 1638
13359 1639
13713 1640
14044 1641
14355 1642
14646 1643
14919 1644

15175 1645
15415 1646
15640 1647
15851 1648
16049 1649
16168 1650
16280 1651
16385 1652
16483 1653
16575 1654
16662 1655
16743 1656

16819 1657
16890 1658
15835 1659
14846 1660
13919 1661
13050 1662
12235 1663
11471 1664
10755 1665
10083 1666
9453 1667
8863 1668
8310 1669
7791 1670
7305 1670
6849 1670
6421 1670
6020 1670
5718 1670
5509 1670
5387 1670
5347 1670
5383 1670
5491 1670
5666 1670
5904 1670
6201 1670
5814 1670
5451 1670
5111 1670
4792 1670
4493 1670
4213 1670
3950 1670
3704 1670
3473 1670
3256 1670
15654 1694
15786 1695
15910 1696
16026 1697
16135 1698
16237 1699
16333 1700
16423 1701
16507 1702
16586 1703
16660 1704
16729 1705

15684 1706
14704 1707
13785 1708
12924 1709
12117 1710
11360 1711
10650 1712
9985 1713
9361 1714
8776 1715
8228 1716
7714 1717
7232 1717

6780 1717
6357 1717
5960 1717
5588 1717
5239 1717
4912 1717
4605 1717
4318 1717
4049 1717
3796 1717
3559 1717
3337 1717
3129 1717
2934 1717
2751 1717
2580 1717
2419 1717
2268 1717
2127 1717
1995 1717
1871 1717
1755 1717
1646 1717
1618 1717
1665 1717
1783 1717
1968 1717
2215 1717
2521 1717
2882 1717
3294 1717
3755 1717
4261 1717
4809 1717
5397 1717
6022 1717
6682 1717

13949 1729
14262 1730
14555 1731
14830 1732
15088 1733
15329 1734
15555 1735
15767 1736
15966 1737
16153 1738
16328 1739
16492 1740
16646 1741
16790 1742
16925 1743
17052 1744
17171 1745
17282 1746
17386 1747
17484 1748
17576 1749
17662 1750
17669 1751
17675 1752
17681 1753
17686 1754
17691 1755
17696 1756
17700 1757
17704 1758
17708 1759
17712 1760
17715 1761
17718 1762
17721 1763
17724 1764

16644 1783
15604 1784
14629 1785
13715 1786
12858 1787
12055 1788
11302 1789
10596 1790
9934 1791
9314 1792
8732 1793
8187 1794
7676 1795
7197 1795
6748 1795
6327 1795
5932 1795
5562 1795
5215 1795
4964 1795
4802 1795
4724 1795
4725 1795
4800 1795
4944 1795
5153 1795
5423 1795
5751 1795
6132 1795
6563 1795
7041 1795
7489 1796
7983 1796

7485 1796
7018 1796
6580 1796
6169 1796
5784 1796
5423 1796
5085 1796
4768 1796
4470 1796
4191 1796

3930 1796
3685 1796
3455 1796
3240 1796
3038 1796
2849 1796
2761 1796
2769 1796
2866 1796
3047 1796
3307 1796
3641 1796
4044 1796
4512 1796
4230 1796
3966 1796
3719 1796
3487 1796
3270 1796
3066 1796
2875 1796
2696 1796
2528 1796
2370 1796
2222 1796
2084 1796
1954 1796
1832 1796
1718 1796
1611 1796
1511 1796
1417 1796
1329 1796
1246 1796
1169 1796
1096 1796
1028 1796
14658 1810

14930 1811
15185 1812
15424 1813
15648 1814
15858 1815
16055 1816
16240 1817
16413 1818
16576 1819
16728 1820
16871 1821
17005 1822
17131 1823
17249 1824
17359 1825
17463 1826
17560 1827
17651 1828
17736 1829
17816 1830
17891 1831
17961 1832
18027 1833
18089 1834

18147 1835
18135 1836
18124 1837
18114 1838
18104 1839
18095 1840
18087 1841
18079 1842
18072 1843
18065 1844
18058 1845
18052 1846
18046 1847
18041 1848
18036 1849
18031 1850
18027 1851
18023 1852
18019 1853
18015 1854
18012 1855
17943 1856
17878 1857
17817 1858
17760 1859
17706 1860
17656 1861
17609 1862
17565 1863
17524 1864
17485 1865
17449 1866
17415 1867
17383 1868
17353 1869
17325 1870
16937 1909
16935 1910
16867 1911
16803 1912
16743 1913
16687 1914
16635 1915
16586 1916
16540 1917
16497 1918
16456 1919
16418 1920
16382 1921
16349 1922
16318 1923
16289 1924
16261 1925
16235 1926
16211 1927
16188 1928
16167 1929
16147 1930
16128 1931
16110 1932
16094 1933
16079 1934
16065 1935
16051 1936
16038 1937
16026 1938
16015 1939
16005 1940
15995 1941
15986 1942
15977 1943
15858 1982
15857 1983
15856 1984
15855 1985
15855 1986
15855 1987
15855 1988
15855 1989
15855 1990
15855 1991
15855 1992
15855 1993
15855 1994
15855 1995
15855 1996
15855 1997
15855 1998
15855 1999
15855 2000
15855 2001
15855 2002
15855 2003
15855 2004
15855 2005
15855 2006
15855 2007
15855 2008
15855 2009
15855 2010
15855 2011
15855 2012
14865 2013
13936 2014
13065 2015
12249 2016
3849 2023
4335 2023
4857 2023
5412 2023
5998 2023
6614 2023
7257 2023
7926 2023
8619 2023
9269 2024
9878 2025
10449 2026
10984 2027
11486 2028
11957 2029
12398 2030
12812 2031
13200 2032
13563 2033
13904 2034
14223 2035
14523 2036
14804 2037
15067 2038
15314 2039
15545 2040
15762 2041
15965 2042
16156 2043
16335 2044
16503 2045
16660 2046
16807 2047
16945 2048
17074 2049
18868 2089
18877 2090
18886 2091
18894 2092
18902 2093
18909 2094
18916 2095
18922 2096
18928 2097
18933 2098
18938 2099
18943 2100
18882 2101
18824 2102
18770 2103
18719 2104
18672 2105
18627 2106
18585 2107
18546 2108
18509 2109
18475 2110
18443 2111
18413 2112
18385 2113
18358 2114
18333 2115
18310 2116
18288 2117
18267 2118
18248 2119
18230 2120
18213 2121
18197 2122
18182 2123
17979 2162
17978 2163
17977 2164
17976 2165
17975 2166
17974 2167
17973 2168
17972 2169
17971 2170
17970 2171
17969 2172
17968 2173
17967 2174
17967 2175
17967 2176
17967 2177
17967 2178
17967 2179
17967 2180
17967 2181
17967 2182
17967 2183
17967 2184
17967 2185
17967 2186
17967 2187
17967 2188
17967 2189
17967 2190
17967 2191
17967 2192
17967 2193
17967 2194
17967 2195
17967 2196
13881 2235
13014 2236
12201 2237
11439 2238
10725 2239
10055 2240
9427 2241
8838 2242
8286 2243
7769 2244
7284 2244
6829 2244
6403 2244
6003 2244
5628 2244
5277 2244
4948 2244
4639 2244
4350 2244
4079 2244
3825 2244
3586 2244
3362 2244
3152 2244
2955 2244
2771 2244
2598 2244
2436 2244
2284 2244
2142 2244
2009 2244
1884 2244
1767 2244
1657 2244
1554 2244
1523 2244
15683 2267
15825 2268
15958 2269
16083 2270
16200 2271
16310 2272
16413 2273
16510 2274
16601 2275
16686 2276
16766 2277
16841 2278
16911 2279
16977 2280
17038 2281
17096 2282
17150 2283
17201 2284
17248 2285
17292 2286
17334 2287
17373 2288
17410 2289
17444 2290
17476 2291
17506 2292
17534 2293
17561 2294
17586 2295
17609 2296
17631 2297
17652 2298
17671 2299
17689 2300
17706 2301
13360 2340
13251 2341
13149 2342
13054 2343
12965 2344
12881 2345
12802 2346
12728 2347
12659 2348
12594 2349
12533 2350
12476 2351
12423 2352
12373 2353
12326 2354
12282 2355
12241 2356
12202 2357
12166 2358
12132 2359
12100 2360
12070 2361
12042 2362
12016 2363
11991 2364
11968 2365
11946 2366
11926 2367
11907 2368
11889 2369
11872 2370
11856 2371
11841 2372
11827 2373
11814 2374
3984 2397
3735 2397
3502 2397
3284 2397
3079 2397
2887 2397
2707 2397
2538 2397
2380 2397
2232 2397
2093 2397
1963 2397
1841 2397
1726 2397
1619 2397
1518 2397
1424 2397
1335 2397
1252 2397
1174 2397
1167 2397
1227 2397
1349 2397
1529 2397
1764 2397
2050 2397
2384 2397
2763 2397
3185 2397
3646 2397
4145 2397
4678 2397
5244 2397
5841 2397
6466 2397
7118 2397
18167 2436
18220 2437
17676 2438
17166 2439
16688 2440
16239 2441
15621 2442
15041 2443
14497 2444
13987 2445
13509 2446
13061 2447
12641 2448
12247 2449
11878 2450
11532 2451
11208 2452
10904 2453
10619 2454
10352 2455
10101 2456
9866 2457
9646 2458
9440 2459
9246 2460
9065 2461
8895 2462
8736 2463
8586 2464
8446 2465
8315 2466
8192 2467
8076 2468
7968 2469
7932 2469
6341 2499
6605 2499
6193 2499
5806 2499
5444 2499
5104 2499
4785 2499
4486 2499
4206 2499
3944 2499
3698 2499
3467 2499
3251 2499
3048 2499
2858 2499
2680 2499
2513 2499
2356 2499
2209 2499
2071 2499
1942 2499
1821 2499
1708 2499
1602 2499
1502 2499
1409 2499
1321 2499
1239 2499
1228 2499
1284 2499
1402 2499
1579 2499
1811 2499
2094 2499
2426 2499
2803 2499
