0 0 0 0
0 0 0 0
0 0 98 0
0 0 147 0
196 0 147 0
380 0 147 0
651 0 147 0
651 0 1117 0
651 0 1700 0
1101 0 1700 0
1101 0 2539 0
1101 0 2959 0
1101 0 3267 0
1817 0 3267 0
2586 0 3267 0
3307 0 3267 0
4081 0 3267 0
4904 0 3267 0
4904 0 7616 0
5774 0 7616 0
5774 0 10758 0
5774 0 12231 1
6394 0 12231 2
6394 0 13490 2
6394 0 14119 3
6394 0 14434 4
6975 0 14434 5
7618 0 14434 5
8220 0 14434 5
8785 1 14434 5
8785 2 16982 5
9216 2 16982 6
9216 3 18491 6
6537 9 14627 18
6423 9 14627 18
6423 9 14031 18
6316 9 14031 19
6314 9 14031 19
6410 9 14031 19
6500 9 14031 19
6500 9 14104 19
6500 9 14140 20
6584 9 14140 21
6663 9 14140 21
6663 9 14321 21
6663 9 14412 22
6663 9 14359 23
6737 9 14359 24
6904 9 14359 24
7061 9 14359 24
7061 9 14829 24
7208 9 14829 25
7346 9 14829 25
7346 9 15349 25
7346 9 15609 26
7475 9 15609 27
7596 9 15609 27
7596 9 15989 27
7596 9 16179 28
7596 9 16274 29
7710 9 16274 30
7915 9 16274 30
7915 9 16640 30
7787 11 16559 39
7787 11 16557 40
7787 11 16556 41
7791 11 16556 42
7795 11 16556 42
7896 11 16556 42
7896 11 16762 42
7991 11 16762 43
8080 11 16762 43
8080 12 16951 43
8080 12 17046 44
8065 12 17046 45
7953 13 17046 45
7953 13 16868 45
7953 13 16779 46
7953 13 16735 47
7848 13 16735 48
7750 13 16735 48
7756 13 16735 48
7756 13 16614 48
7664 13 16614 49
7664 13 16363 49
7664 13 16238 50
7577 13 16238 51
7594 13 16238 51
7610 13 16238 51
7610 13 16219 51
7610 13 16210 52
7625 13 16210 53
7888 14 16694 61
7888 14 16823 61
7888 14 16888 62
7885 14 16888 63
7885 14 16819 63
7885 14 16785 64
7883 14 16785 65
7883 14 16766 65
7881 14 16766 66
7977 14 16766 66
8067 14 16766 66
8067 15 16940 66
8053 15 16940 67
7942 16 16940 67
7942 16 16902 67
7942 16 16883 68
7838 16 16883 69
7741 16 16883 69
7741 16 16673 69
7741 16 16568 70
7741 16 16417 71
7650 16 16417 72
7662 16 16417 72
7674 16 16417 72
7674 16 16373 72
7685 16 16373 73
7793 16 16373 73
7894 16 16373 73
7894 16 16767 73
7761 18 16513 83
7766 18 16513 84
7771 18 16513 84
7771 18 16518 84
7776 18 16518 85
7780 18 16518 85
7780 18 16529 85
7780 18 16535 86
7784 18 16535 87
7788 18 16535 87
7890 18 16535 87
7890 18 16746 87
7890 18 16851 88
7985 18 16851 89
7985 18 17097 89
8074 18 17097 90
8074 19 17113 90
8060 19 17113 91
7949 20 17113 91
7949 20 16898 91
7949 20 16790 92
7845 20 16790 93
7747 20 16790 93
7753 20 16790 93
7753 20 16638 93
7753 20 16562 94
7759 20 16562 95
7759 20 16628 95
7759 20 16465 96
7897 22 16810 105
7796 22 16810 105
7796 22 16593 105
7796 22 16485 106
7701 22 16485 107
7701 22 16434 107
7710 22 16434 108
7710 22 16319 108
7621 22 16319 109
7537 22 16319 109
7556 22 16319 109
7556 22 16206 109
7556 22 16149 110
7574 22 16149 111
7591 22 16149 111
7591 22 16156 111
7591 22 16159 112
7607 22 16159 113
7607 22 16177 113
7622 22 16177 114
7734 22 16177 114
7839 22 16177 114
7839 22 16516 114
7938 22 16516 115
7938 22 16784 115
7938 22 16918 116
8030 22 16918 117
8019 23 16918 117
7750 24 16541 126
7756 24 16541 126
7756 24 16517 126
7762 24 16517 127
7865 24 16517 127
7962 24 16517 127
7962 24 16809 127
7962 24 16955 128
8053 24 16955 129
8040 25 16955 129
8040 26 16910 129
8040 26 16887 130
8040 26 16876 131
7930 26 16876 132
7925 26 16876 132
7925 26 16755 132
7822 26 16755 133
7726 26 16755 133
7726 26 16496 133
7726 26 16366 134
7636 26 16366 135
7649 26 16366 135
7661 26 16366 135
7661 27 16236 135
7661 27 16171 136
7661 27 16139 137
7575 27 16139 138
7494 27 16139 138
7461 27 15860 146
7485 27 15860 147
7606 27 15860 147
7719 27 15860 147
7719 27 16237 147
7719 27 16426 148
7825 27 16426 149
7825 27 16724 149
7924 27 16724 150
8017 27 16724 150
8017 28 16967 150
8006 28 16967 151
8006 29 16882 151
8006 29 16839 152
7898 29 16839 153
7895 29 16839 153
7794 30 16839 153
7794 30 16606 153
7794 30 16489 154
7794 30 16431 155
7601 30 16431 156
7518 30 16431 156
7518 30 16126 156
7343 30 16126 157
7343 30 15700 157
7343 30 15487 158
7179 30 15487 159
7025 30 15487 159
7482 31 16061 166
7482 31 16003 167
7505 31 16003 168
7526 31 16003 168
7644 31 16003 168
7644 31 16234 168
7755 31 16234 169
7755 31 16460 169
7755 31 16573 170
7761 31 16573 171
7766 31 16573 171
7766 31 16641 171
7766 31 16675 172
7766 31 16594 173
7771 31 16594 174
7776 31 16594 174
7780 31 16594 174
7780 31 16665 174
7882 31 16665 175
8076 31 16665 175
8076 32 16899 175
8076 32 17016 176
8062 32 17016 177
7951 33 17016 177
7951 33 16851 177
7951 33 16769 178
7951 33 16728 179
7847 33 16728 180
7953 33 16691 187
7953 33 16887 187
7953 33 16985 188
8044 33 16985 189
8032 34 16985 189
8032 35 16917 189
8032 35 16883 190
8032 35 16866 191
7922 35 16866 192
7819 35 16866 192
7819 35 16644 192
7723 35 16644 193
7633 35 16644 193
7646 35 16644 193
7646 35 16458 193
7646 35 16365 194
7659 35 16365 195
7671 35 16365 195
7671 35 16344 195
7671 35 16333 196
7682 35 16333 197
7682 35 16437 197
7692 35 16437 198
7692 35 16401 198
7702 35 16401 199
7711 35 16401 199
7711 35 16402 199
7711 35 16402 200
7728 37 16467 208
7728 37 16550 208
7728 37 16591 209
7735 37 16591 210
7840 37 16591 210
7938 37 16591 210
7938 37 16822 210
8030 37 16822 211
8030 38 16931 211
8030 38 16986 212
8019 38 16986 213
7910 39 16986 213
7808 39 16986 213
7808 39 16791 213
7808 39 16694 214
7808 39 16547 215
7712 39 16547 216
7720 39 16547 216
7720 39 16386 216
7630 39 16386 217
7644 39 16386 217
7657 39 16386 217
7657 39 16438 217
7657 39 16464 218
7669 39 16464 219
7680 39 16464 219
7680 39 16500 219
7680 39 16518 220
7697 41 16586 228
7706 41 16586 229
7813 41 16586 229
7813 41 16596 229
7813 41 16601 230
7815 41 16601 231
7817 41 16601 231
7817 41 16608 231
7817 41 16611 232
7817 41 16613 233
7819 41 16613 234
7821 41 16613 234
7821 41 16618 234
7823 41 16618 235
7825 41 16618 235
7825 41 16624 235
7825 41 16627 236
7826 41 16627 237
7925 41 16627 237
8018 41 16627 237
8018 42 16822 237
8007 42 16822 238
8007 43 16810 238
8007 43 16804 239
7899 43 16804 240
7899 43 16693 240
7798 43 16693 241
7703 43 16693 241
7934 45 17032 249
7934 45 16842 249
7934 45 16747 250
7831 45 16747 251
7831 45 16695 251
7832 45 16695 252
7833 45 16695 252
7833 45 16671 252
7736 45 16671 253
7736 45 16464 253
7736 45 16360 254
7645 45 16360 255
7560 45 16360 255
7560 45 16132 255
7560 45 16018 256
7480 45 16018 257
7480 45 15979 257
7405 45 15979 258
7335 45 15979 258
7367 45 15979 258
7367 45 15847 258
7397 45 15847 259
7523 45 15847 259
7523 45 16035 259
7523 45 16129 260
7641 45 16129 261
7752 45 16129 261
7752 45 16405 261
7543 48 15940 270
7366 48 15940 271
7298 48 15940 271
7332 48 15940 271
7266 49 15940 271
7266 49 15628 271
7266 49 15472 272
7204 49 15472 273
7146 49 15472 273
7146 49 15274 273
7146 49 15175 274
7146 49 15126 275
7092 49 15126 276
7139 49 15126 276
7183 49 15126 276
7183 49 15236 276
7225 49 15236 277
7362 49 15236 277
7490 49 15236 277
7490 49 15696 277
7490 49 15926 278
7610 49 15926 279
7723 49 15926 279
7723 49 16274 279
7723 49 16448 280
7723 49 16535 281
7829 49 16535 282
7928 49 16535 282
7686 51 16388 289
7686 51 16468 290
7794 51 16468 291
7895 51 16468 291
7895 51 16717 291
7895 51 16842 292
7895 51 16904 293
7990 51 16904 294
8079 51 16904 294
8065 52 16904 294
8065 53 17007 294
7953 53 17007 295
7953 53 16849 295
7953 53 16770 296
7848 53 16770 297
7750 53 16770 297
7750 53 16527 297
7750 53 16406 298
7658 53 16406 299
7658 53 16351 299
7572 53 16351 300
7491 53 16351 300
7491 53 16157 300
7513 53 16157 301
7534 53 16157 301
7534 53 16103 301
7534 53 16076 302
7554 53 16076 303
7968 54 17077 311
7968 54 17095 311
8058 54 17095 312
8058 55 16998 312
7947 55 16998 313
7843 55 16998 313
7843 55 16832 313
7843 55 16749 314
7745 55 16749 315
7653 55 16749 315
7653 55 16518 315
7653 55 16402 316
7653 55 16246 317
7567 55 16246 318
7585 55 16246 318
7601 55 16246 318
7714 55 16246 318
7714 55 16425 318
7820 55 16425 319
7920 55 16425 319
7920 55 16721 319
7920 55 16869 320
8013 55 16869 321
8003 56 16869 321
8003 57 16830 321
8003 57 16810 322
8003 57 16800 323
7895 57 16800 324
7286 57 15641 331
7286 57 15597 332
7321 57 15597 333
7452 57 15597 333
7575 57 15597 333
7575 58 15864 333
7575 58 15997 334
7575 58 16064 335
7494 58 16064 336
7516 58 16064 336
7516 58 16038 336
7537 58 16038 337
7556 58 16038 337
7556 58 16065 337
7556 58 16079 338
7574 58 16079 339
7591 58 16079 339
7591 58 16121 339
7591 58 16142 340
7591 58 16152 341
7607 58 16152 342
7622 58 16152 342
7622 58 16188 342
7636 58 16188 343
7649 58 16188 343
7649 58 16233 343
7649 58 16256 344
7661 58 16256 345
7554 61 16236 353
7554 61 16064 353
7474 61 16064 354
7399 61 16064 354
7399 61 15921 354
7427 61 15921 355
7453 61 15921 355
7453 61 15904 355
7453 61 15895 356
7478 61 15895 357
7501 61 15895 357
7501 61 15939 357
7501 61 15961 358
7523 61 15961 359
7523 61 15994 359
7543 61 15994 360
7660 61 15994 360
7770 61 15994 360
7770 61 16355 360
7873 61 16355 361
7969 61 16355 361
7969 61 16833 361
7969 61 17072 362
8157 61 17072 363
8138 62 17072 363
8138 63 17164 363
8138 63 17210 364
8138 63 17135 365
7410 64 15691 373
7437 64 15691 373
7437 64 15773 373
7437 64 15814 374
7463 64 15814 375
7585 64 15814 375
7699 64 15814 375
7699 64 16194 375
7699 64 16384 376
7699 64 16479 377
7806 64 16479 378
7907 64 16479 378
8001 64 16479 378
8001 65 16829 378
7991 65 16829 379
7991 65 16896 379
7991 65 16929 380
7982 65 16929 381
7974 65 16929 381
7974 65 16929 381
7974 65 16929 382
7974 65 16929 383
7966 65 16929 384
8057 65 16929 384
7946 66 16929 384
7946 66 16901 384
7940 66 16901 385
7934 66 16901 385
7610 68 16243 393
7610 68 16124 394
7527 68 16124 395
7527 68 16079 395
7547 68 16079 396
7566 68 16079 396
7584 68 16079 396
7584 68 16212 396
7600 68 16212 397
7600 68 16196 397
7600 68 16188 398
7615 68 16188 399
7630 68 16188 399
7630 68 16214 399
7630 68 16227 400
7644 68 16227 401
7755 68 16227 401
7755 68 16555 401
7957 68 16555 402
8048 68 16555 402
8048 69 16816 402
8035 69 16816 403
8035 70 16835 403
8035 70 16845 404
7925 70 16845 405
7822 70 16845 405
7822 70 16637 405
7822 70 16533 406
7858 70 16324 414
7858 70 16608 414
7955 70 16608 415
8046 70 16608 415
8046 71 16938 415
8046 71 17103 416
8132 71 17103 417
8016 72 17103 417
8016 73 16862 417
8016 73 16741 418
8016 73 16681 419
7809 73 16681 420
7713 73 16681 420
7713 73 16348 420
7525 73 16348 421
7447 73 16348 421
7447 73 15915 421
7447 73 15699 422
7276 73 15699 423
7214 73 15699 423
7156 73 15699 423
7156 73 15398 423
7156 73 15247 424
7156 73 15172 425
7101 73 15172 426
7050 73 15172 426
7002 73 15172 426
7002 73 15078 426
7974 73 16805 435
8064 73 16805 435
8148 74 16805 435
8148 75 17041 435
8148 75 17159 436
8148 75 17218 437
8031 75 17218 438
7824 76 17218 438
7824 76 16825 438
7727 76 16825 439
7727 76 16434 439
7727 76 16238 440
7539 76 16238 441
7460 76 16238 441
7386 76 16238 441
7415 76 16238 441
7415 76 16024 441
7415 76 15917 442
7415 76 15864 443
7442 76 15864 444
7467 76 15864 444
7589 76 15864 444
7703 76 15864 444
7703 76 16321 444
7810 76 16321 445
7810 76 16559 445
7810 76 16678 446
7910 76 16678 447
7488 79 16025 455
7510 79 16025 456
7531 79 16025 456
7649 79 16025 456
7759 79 16025 456
7759 79 16360 456
7863 79 16360 457
7960 79 16360 457
7960 79 16826 457
7960 79 17059 458
8051 79 17059 459
8038 80 17059 459
8038 81 17058 459
8038 81 17057 460
8038 81 16959 461
7928 81 16959 462
7923 81 16959 462
7923 81 16795 462
7820 81 16795 463
7822 81 16795 463
7822 81 16710 463
7822 81 16667 464
7824 81 16667 465
7825 81 16667 465
7826 81 16667 465
7826 81 16748 465
7826 81 16788 466
7826 81 16710 467
7603 84 16786 475
7603 84 16290 475
7603 84 16042 476
7422 84 16042 477
7253 84 16042 477
7253 85 15470 477
7253 85 15184 478
7253 85 15041 479
6996 85 15041 480
6755 85 15041 480
6627 85 15041 480
6627 85 14442 480
6507 85 14442 481
6395 85 14442 481
6395 85 13910 481
6395 85 13644 482
6290 85 13644 483
6289 85 13644 483
6288 85 13644 483
6385 85 13644 483
6574 85 13644 483
6574 85 13984 483
6574 85 14154 484
6574 85 14239 485
6752 85 14239 486
6918 85 14239 486
6918 85 14626 486
7074 85 14626 487
7960 88 17181 495
7960 88 16943 495
7960 88 16824 496
7855 88 16824 497
7855 88 16757 497
7855 88 16757 498
7855 88 16626 498
7757 88 16626 499
7665 88 16626 499
7676 88 16626 499
7676 88 16479 499
7676 88 16406 500
7687 88 16406 501
7697 88 16406 501
7804 88 16406 501
7804 88 16595 501
7804 88 16690 502
7905 88 16690 503
7905 88 16838 503
7999 88 16838 504
8088 88 16838 504
8088 89 16997 504
8073 89 16997 505
8073 90 16964 505
8073 90 16947 506
7961 90 16947 507
7856 90 16947 507
7757 90 16947 507
7770 90 16288 516
7873 90 16288 516
7873 90 16605 516
7969 90 16605 517
8059 90 16605 517
8059 91 16852 517
8059 91 16975 518
8046 91 16975 519
7936 92 16975 519
7936 92 16816 519
7936 92 16736 520
7936 92 16696 521
7832 92 16696 522
7833 92 16696 522
7833 92 16573 522
7736 92 16573 523
7645 92 16573 523
7645 92 16324 523
7645 92 16199 524
7560 92 16199 525
7578 92 16199 525
7595 92 16199 525
7595 92 16185 525
7595 92 16178 526
7595 92 16174 527
7611 92 16174 528
7626 92 16174 528
7626 92 16203 528
7731 94 16568 537
7738 94 16568 537
7738 94 16414 537
7738 94 16337 538
7738 94 16299 539
7647 94 16299 540
7562 94 16299 540
7562 94 16104 540
7482 94 16104 541
7407 94 16104 541
7407 94 15851 541
7407 94 15725 542
7337 94 15725 543
7271 94 15725 543
7307 94 15725 543
7307 94 15660 543
7307 94 15627 544
7341 94 15627 545
7341 94 15743 545
7471 94 15743 546
7593 94 15743 546
7707 94 15743 546
7707 94 16265 546
7814 94 16265 547
7814 94 16535 547
7814 94 16670 548
7914 94 16670 549
8106 94 16670 549
7849 96 16780 558
7849 96 16780 558
7849 96 16729 558
7849 96 16729 559
7849 96 16729 559
7849 96 16802 559
7849 96 16838 560
7849 96 16838 561
7947 96 16838 561
8039 96 16838 561
8039 97 17046 561
8039 97 17150 562
8039 97 17104 563
8027 97 17104 564
7918 98 17104 564
7918 98 16862 564
7816 98 16862 565
7720 98 16862 565
7720 98 16543 565
7720 98 16384 566
7630 98 16384 567
7644 98 16384 567
7644 98 16228 567
7644 98 16150 568
7644 98 16111 569
7559 98 16111 570
7577 98 16111 570
7594 98 16111 570
7922 100 16705 578
7819 100 16705 579
7723 100 16705 579
7723 100 16468 579
7723 100 16349 580
7723 100 16290 581
7633 100 16290 582
7548 100 16290 582
7548 100 16085 582
7469 100 16085 583
7493 100 16085 583
7515 100 16085 583
7515 100 16048 583
7515 100 16029 584
7536 100 16029 585
7555 100 16029 585
7555 100 16060 585
7555 100 16075 586
7555 100 16083 587
7573 100 16083 588
7688 100 16083 588
7796 100 16083 588
7796 100 16426 588
7897 100 16426 589
7992 100 16426 589
7992 100 16793 589
7992 100 16977 590
7492 102 15889 598
7416 102 15889 599
7416 102 15753 599
7345 102 15753 600
7278 102 15753 600
7278 102 15547 600
7216 102 15547 601
7255 102 15547 601
7292 102 15547 601
7292 102 15654 601
7292 102 15707 602
7425 102 15707 603
7549 102 15707 603
7549 102 15991 603
7549 102 16133 604
7666 102 16133 605
7666 102 16321 605
7775 102 16321 606
7878 102 16321 606
7878 102 16627 606
7974 102 16627 607
8064 102 16627 607
8064 103 16966 607
8064 103 17135 608
8148 103 17135 609
8129 104 17135 609
8129 105 17089 609
7360 105 15724 617
7390 105 15724 618
7419 105 15724 618
7419 105 15771 618
7446 105 15771 619
7569 105 15771 619
7684 105 15771 619
7684 105 16158 619
7684 105 16351 620
7792 105 16351 621
7893 105 16351 621
7893 105 16657 621
7893 105 16810 622
7893 105 16886 623
7988 105 16886 624
8077 105 16886 624
8063 106 16886 624
8063 107 16996 624
8050 107 16996 625
8050 108 16842 625
8050 108 16765 626
7841 108 16765 627
7645 108 16765 627
7560 108 16765 627
7560 108 16335 627
7560 108 16120 628
7560 108 16012 629
7835 109 16599 636
7835 109 16625 636
7836 109 16625 637
7935 109 16625 637
8028 109 16625 637
8028 110 16831 637
8028 110 16934 638
7919 110 16934 639
7919 110 16778 639
7919 110 16700 640
7919 110 16661 641
7817 110 16661 642
7721 110 16661 642
7631 110 16661 642
7631 110 16452 642
7645 110 16452 643
7658 110 16452 643
7658 110 16374 643
7658 110 16335 644
7670 110 16335 645
7779 110 16335 645
7881 110 16335 645
7881 110 16637 645
7881 110 16788 646
7977 110 16788 647
7977 110 16959 647
8067 110 16959 648
7770 112 16514 655
7775 112 16514 655
7775 112 16620 655
7775 112 16673 656
7780 112 16673 657
7784 112 16673 657
7784 112 16709 657
7784 112 16727 658
7788 112 16727 659
7890 112 16727 659
7890 112 16940 659
7985 112 16940 660
7985 112 17043 660
8074 112 17043 661
8060 113 17043 661
8060 114 17072 661
8060 114 17086 662
7949 114 17086 663
7845 114 17086 663
7845 114 16780 663
7845 114 16627 664
7747 114 16627 665
7747 114 16551 665
7753 114 16551 666
7753 114 16421 666
7661 114 16421 667
7673 114 16421 667
7835 115 16589 674
7836 115 16589 675
7837 115 16589 675
7837 115 16622 675
7837 115 16638 676
7837 115 16646 677
7838 115 16646 678
7839 115 16646 678
7839 115 16652 678
7840 115 16652 679
7840 115 16652 679
7840 115 16656 679
7840 115 16658 680
7840 115 16658 681
7938 115 16658 681
7938 115 16757 681
7938 115 16807 682
7938 115 16832 683
7932 115 16832 684
7927 115 16832 684
8020 115 16832 684
8020 116 16926 684
8009 116 16926 685
7901 117 16926 685
7901 117 16756 685
7901 117 16671 686
7800 117 16671 687
8049 118 16932 693
8049 118 17005 694
8036 118 17005 695
8036 119 17029 695
7926 119 17029 696
7823 119 17029 696
7823 119 16828 696
7825 119 16828 697
7825 119 16631 697
7825 119 16533 698
7728 119 16533 699
7637 119 16533 699
7650 119 16533 699
7662 119 16533 699
7662 119 16517 699
7662 119 16509 700
7662 119 16407 701
7674 119 16407 702
7685 119 16407 702
7685 119 16379 702
7695 119 16379 703
7705 119 16379 703
7705 119 16483 703
7705 119 16535 704
7714 119 16535 705
7820 119 16535 705
7920 119 16535 705
7696 121 16421 714
7705 121 16421 714
7714 121 16421 714
7714 121 16415 714
7722 121 16415 715
7730 121 16415 715
7730 121 16428 715
7730 121 16434 716
7737 121 16434 717
7744 121 16434 717
7744 121 16451 717
7744 121 16460 718
7744 121 16464 719
7750 121 16464 720
7854 121 16464 720
7952 121 16464 720
7952 121 16772 720
8043 121 16772 721
8031 122 16772 721
8031 123 16809 721
8031 123 16828 722
7922 123 16828 723
7917 123 16828 723
7917 123 16723 723
7917 123 16671 724
7917 123 16645 725
7815 123 16645 726

7679 123 16328 729
