0 0 0
 0 0 0
 0 0 0
 98 0 0
 288 0 0
 466 0 0
 731 0 0
 1078 0 0
 1403 0 0
 1708 0 0
 2092 0 0
 2452 0 1
 2789 0 1
 3203 0 1
 3591 0 1
 3955 0 1
 4296 0 1
 4714 0 1
 5106 0 1
 5473 0 1
 5915 0 1
 6428 0 1
 6909 0 1
 7458 0 1
 7874 0 1
 8362 0 1
 8722 1 1
 9059 1 2
 9277 1 3
 9384 2 3
 9484 2 4
 9480 2 5
 9476 2 6
 9374 3 6
 9181 4 6
 9000 5 6
 8634 6 6
 8586 14 12
 8540 14 13
 8399 14 14
 8267 14 15
 8045 15 15
 7739 16 15
 7550 16 15
 7373 16 15
 7207 16 15
 7051 16 15
 6905 16 15
 6866 16 15
 6829 16 15
 6893 16 15
 7051 16 15
 7297 16 15
 7527 16 15
 7743 16 15
 8044 16 15
 8228 16 16
 8400 16 17
 8463 16 18
 8425 17 18
 8291 17 19
 8165 18 19
 8047 19 19
 7839 20 19
 7742 20 19
 7651 20 19
 7565 20 19
 7485 20 19
 7410 20 19
 7339 20 19
 7273 21 19
 8126 29 24
 7913 30 24
 7713 30 24
 7525 30 24
 7447 30 24
 7472 30 24
 7593 30 24
 7805 30 24
 7906 30 24
 8098 30 24
 8278 31 24
 8349 31 25
 8318 32 25
 8191 32 26
 7974 32 27
 7868 32 27
 7867 32 27
 7768 32 27
 7773 32 27
 7876 32 27
 8070 32 27
 8252 33 27
 8227 33 28
 8203 33 29
 8083 33 30
 7872 34 30
 7674 34 30
 7489 34 30
 7413 34 30
 7342 34 30
 7374 34 30
 7404 34 30
 7530 34 30
 7746 34 30
 7990 41 37
 8079 41 37
 8065 41 38
 8051 41 39
 8038 41 40
 7928 41 41
 7825 41 41
 7728 41 41
 7637 41 41
 7650 41 41
 7564 41 41
 7582 41 41
 7697 41 41
 7902 41 41
 8193 41 41
 8367 41 42
 8433 42 42
 8396 42 43
 8264 43 43
 8140 43 44
 7926 44 44
 7725 44 44
 7635 44 44
 7648 44 44
 7758 44 44
 7764 44 44
 7769 44 44
 7774 44 44
 7779 44 45
 7783 44 45
 7787 44 45
 7889 44 45
 8082 44 45
 8067 44 46
 7988 54 50
 7979 54 50
 8069 54 50
 8055 54 51
 7944 55 51
 7840 55 51
 7742 55 51
 7749 55 51
 7853 55 51
 7951 55 51
 8043 55 51
 8129 55 52
 8209 56 52
 8186 56 53
 8067 56 54
 7857 56 55
 7660 56 55
 7574 56 55
 7395 56 55
 7325 56 55
 7358 56 55
 7487 56 55
 7608 56 55
 7819 56 55
 8017 56 55
 8202 56 56
 8278 57 56
 8251 58 56
 8128 58 57
 7914 58 58
 7812 58 58
 7814 58 58
 7914 58 58
 7910 58 58
 7488 66 64
 7510 66 64
 7629 66 64
 7643 66 64
 7754 66 64
 7760 66 65
 7863 66 65
 7960 66 65
 7953 66 66
 7946 66 66
 8038 66 66
 8124 67 66
 8009 68 66
 7901 69 66
 7898 69 66
 7895 69 66
 7892 69 66
 7889 69 67
 7886 69 67
 7884 69 67
 7980 69 67
 8168 69 67
 8246 70 67
 8221 71 67
 8198 72 67
 8078 72 68
 7868 72 69
 7769 72 69
 7676 72 69
 7589 72 69
 7605 72 69
 7718 72 69
 7726 72 69
 7832 72 69
 7062 80 76

 7111 80 76
 7157 80 76
 7200 80 76
 7240 80 76
 7278 81 76
 7314 81 76
 7445 81 76
 7666 81 76
 7873 81 76
 8067 81 76
 8151 81 77
 8230 81 78
 8206 81 79
 8086 81 80
 7875 81 81
 7775 81 81
 7780 81 81
 7784 81 81
 7690 81 81
 7700 81 81
 7709 81 81
 7816 81 81
 8014 81 81
 8102 82 81
 8086 83 81
 7973 84 81
 7867 84 81
 7866 84 81
 7865 84 81
 7864 84 81
 7863 84 82
 7960 84 82
 8051 85 82
 7940 85 83
 7934 85 83
 7900 92 89
 7897 92 89
 7992 92 89
 7983 92 89
 8073 92 89
 8157 92 90
 8138 93 90
 8022 93 91
 7913 94 91
 7909 94 91
 7807 94 91
 7810 94 91
 7714 94 91
 7722 94 91
 7828 94 91
 7927 94 91
 8118 94 91
 8199 95 91
 8177 96 91
 8058 97 91
 7849 97 92
 7653 97 92
 7567 97 92
 7585 97 92
 7601 97 92
 7714 97 92
 7918 97 92
 8012 97 92
 8100 98 92
 8084 98 93
 7971 98 94
 7865 98 94
 7766 98 94
 7771 98 94
 8128 104 100
 8110 104 101
 8094 104 102
 8079 104 103
 7869 105 103
 7770 105 103
 7775 105 103
 7682 105 103
 7692 105 103
 7800 105 103
 7705 105 104
 7714 105 104
 7820 105 104
 8018 105 104
 8105 105 105
 8089 106 105
 7976 107 105
 7870 107 105
 7869 107 105
 7966 107 105
 8057 107 105
 8044 107 106
 8032 108 106
 8020 109 106
 8009 109 107
 7803 110 107
 7610 110 107
 7429 110 107
 7357 110 107
 7192 110 107
 7037 110 107
 8185 117 110
 8164 117 111
 8046 118 111
 7936 118 112
 7832 118 112
 7735 118 112
 7742 118 112
 7847 118 112
 7847 118 112
 7945 118 112
 8037 118 112
 8025 119 112
 8014 119 113
 7906 119 114
 7804 119 114
 7807 119 114
 7908 119 114
 7904 119 114
 7998 119 114
 8185 119 114
 8164 119 115
 8144 119 116
 8125 119 117
 8010 119 118
 7804 119 119
 7709 119 119
 7522 119 119
 7444 119 119
 7469 119 119
 7591 119 119
 7607 119 119
 7734 125 124
 7741 125 124
 7846 125 124
 7944 125 125
 8036 125 125
 8122 126 125
 8105 126 126
 7991 127 126
 7884 127 126
 7784 127 126
 7788 127 126
 7792 127 126
 7893 127 126
 8086 127 126
 8169 128 126
 8149 128 127
 8130 129 127
 8014 130 127
 7808 130 128
 7614 130 128
 7433 130 128
 7361 130 128
 7391 130 128
 7518 130 128
 7539 130 128
 7656 130 128
 7864 130 128
 8157 130 128
 8334 130 129
 8402 130 130
 8367 130 131
 7865 137 135
 7766 137 135
 7673 137 135
 7684 137 135
 7792 137 135
 7991 137 135
 7982 138 135
 8072 138 135
 8156 138 136
 8235 139 136
 8211 140 136
 8090 141 136
 7879 141 137
 7681 141 137
 7593 141 137
 7609 141 137
 7526 141 137
 7546 141 137
 7663 141 137
 7871 141 137
 8066 141 137
 8150 141 138
 8229 141 139
 8205 141 140
 8085 142 140
 7874 143 140
 7774 143 140
 7681 143 140
 7593 143 140
 7609 143 140
 7624 143 140
 8401 149 144
 8366 149 145
 8236 149 146
 8016 149 147
 7809 150 147
 7713 150 147
 7525 150 147
 7447 150 147
 7472 150 147
 7593 150 147
 7609 150 147
 7722 150 147
 7828 150 147
 7927 150 147
 8118 150 147
 8199 150 148
 8177 151 148
 8156 151 149
 8137 152 149
 7923 153 149
 7820 153 149
 7822 153 149
 7726 153 149
 7734 153 149
 7839 153 149
 7840 153 149
 7938 153 149
 8128 153 149
 8306 154 149
 8375 154 150
 8342 154 151
 7483 158 157
 7506 158 157
 7527 158 157
 7547 158 157
 7664 158 157
 7871 158 157
 8066 158 157
 8150 159 157
 8131 160 157
 8113 161 157
 7998 161 158
 7891 161 158
 7790 161 158
 7696 161 158
 7705 161 158
 7812 161 158
 8010 161 158
 8000 162 158
 7990 163 158
 8079 163 158
 8065 163 159
 7953 164 159
 7848 164 159
 7750 164 159
 7756 164 159
 7860 164 159
 8055 164 159
 8042 165 159
 8030 165 160
 8019 166 160
 7910 166 161
 8106 171 165
 8090 171 166
 8075 172 166
 7865 172 167
 7766 172 167
 7771 172 167
 7678 172 167
 7689 172 167
 7797 172 167
 7996 172 167
 8085 172 167
 8168 172 168
 8148 172 169
 8129 172 170
 8013 172 171
 7807 173 171
 7614 173 171
 7433 173 171
 7361 173 171
 7391 173 171
 7420 173 171
 7545 173 171
 7760 173 171
 7961 173 171
 8248 173 171
 8419 173 172
 8481 174 172
 8441 175 172
 8306 176 172
 8081 177 172
 7870 177 173
 7848 182 177
 7750 182 177
 7658 182 177
 7670 182 177
 7681 183 177
 7593 183 177
 7609 183 177
 7722 183 177
 7926 183 177
 8215 183 177
 8388 183 178
 8452 183 179
 8414 183 180
 8281 184 180
 8156 185 180
 7941 185 181
 7739 185 181
 7648 185 181
 7660 185 181
 7770 185 181
 7775 185 181
 7780 185 181
 7784 185 181
 7886 185 181
 8080 185 181
 8163 186 181
 8143 187 181
 8125 187 182
 8108 188 182
 7896 189 182
 7795 189 182
 7489 193 188
 7511 193 188
 7630 193 188
 7840 193 188
 8036 193 188
 8122 194 188
 8203 194 189
 8181 195 189
 8062 196 189
 7853 196 190
 7657 196 190
 7571 196 190
 7588 196 190
 7702 196 190
 7711 196 190
 7818 196 190
 7918 196 190
 8012 196 190
 8100 196 191
 8084 196 192
 7971 196 193
 7963 196 193
 7956 196 193
 7949 196 193
 8041 196 193
 8127 196 194
 8012 197 194
 7904 197 195
 7900 197 195
 7897 197 195
 7894 197 195
 7790 202 201
 7892 202 201
 8085 202 201
 7972 203 201
 7964 203 201
 8055 203 201
 8042 204 201
 7932 204 202
 7829 204 202
 7732 204 202
 7739 204 202
 7746 204 202
 7752 204 202
 7856 204 202
 8051 204 202
 8136 205 202
 8216 205 203
 8291 205 204
 8263 205 205
 8139 205 206
 7925 206 206
 7724 206 206
 7536 206 206
 7457 206 206
 7481 206 206
 7406 206 206
 7434 206 206
 7558 206 206
 7772 206 206
 7973 206 206
 8161 206 206
 7979 214 210
 7873 214 210
 7773 214 210
 7778 214 210
 7880 214 210
 8074 214 210
 8060 215 210
 8047 216 210
 8035 217 210
 7925 218 210
 7822 218 210
 7726 218 210
 7636 218 210
 7649 218 210
 7563 218 210
 7581 218 210
 7696 218 210
 7901 218 210
 8192 218 210
 8464 219 210
 8621 220 210
 8671 220 211
 8620 220 212
 8474 220 213
 8239 220 214
 7921 220 215
 7622 220 215
 7440 220 215
 7367 220 215
 7397 220 215
 7425 220 215
 7705 225 221
 7616 225 221
 7532 225 221
 7552 225 221
 7668 225 221
 7679 225 221
 7788 225 221
 7988 225 221
 8175 225 221
 8253 226 221
 8228 227 221
 8106 227 222
 7992 227 223
 7983 227 223
 7877 227 223
 7875 227 223
 7971 227 223
 8159 227 223
 8140 227 224
 8024 228 224
 7817 229 224
 7721 229 224
 7631 229 224
 7547 229 224
 7566 229 224
 7682 229 224
 7888 229 224
 7983 229 224
 8171 229 224
 8347 230 224
 8414 230 225
 8008 234 232
 7998 235 232
 7989 235 232
 8078 235 232
 8064 235 233
 7952 236 233
 7945 236 233
 7939 236 233
 8031 236 233
 8020 236 234
 7911 237 234
 7907 237 234
 7903 237 234
 7900 237 234
 7897 237 234
 7894 237 234
 7891 237 234
 7986 237 234
 8173 237 234
 8349 238 234
 8416 238 235
 8380 238 236
 8347 239 236
 8218 240 236
 7999 240 237
 7794 240 237
 7601 240 237
 7518 240 237
 7539 240 237
 7656 240 237
 7668 240 237
 8245 243 245
 8024 243 246
 7817 244 246
 7721 244 246
 7533 244 246
 7455 244 246
 7480 244 246
 7601 244 246
 7616 244 246
 7630 244 246
 7644 244 246
 7657 244 246
 7669 244 246
 7680 244 246
 7788 244 246
 7988 244 246
 8175 244 246
 8351 245 246
 8418 245 247
 8480 246 247
 8440 247 247
 8305 247 248
 8080 247 249
 7771 247 250
 7580 247 250
 7499 247 250
 7423 247 250
 7352 247 250
 7383 247 250
 7412 247 250
 7537 247 250
 8203 254 254
 8083 254 255
 7872 254 256
 7772 254 256
 7679 254 256
 7592 254 256
 7608 254 256
 7721 254 256
 7631 255 256
 7645 255 256
 7756 255 256
 7860 255 256
 7957 255 256
 8048 255 256
 8035 256 256
 8023 257 256
 8012 258 256
 7904 259 256
 7802 259 256
 7805 259 256
 7906 259 256
 7902 259 256
 7997 259 256
 7988 259 256
 8077 259 256
 8161 260 256
 8239 261 256
 8215 262 256
 8094 262 257
 7981 262 258
 7777 262 258
 7508 268 263
 7333 268 263
 7267 268 263
 7303 268 263
 7435 268 263
 7461 268 263
 7583 268 263
 7698 268 263
 7805 268 263
 8004 268 263
 8092 268 264
 8077 268 265
 8063 269 265
 8050 270 265
 7841 271 265
 7743 271 265
 7750 271 265
 7658 271 265
 7670 271 265
 7779 271 265
 7783 271 265
 7885 271 265
 8079 271 265
 8261 272 265
 8333 272 266
 8303 272 267
 8177 273 267
 7960 273 268
 7855 273 268
 7855 273 268
 7757 273 268
 7904 277 274
 7998 277 274
 8185 277 274
 8262 277 275
 8236 278 275
 8114 279 275
 7901 279 276
 7800 279 276
 7705 279 276
 7714 279 276
 7820 279 276
 7920 279 276
 8013 279 276
 8003 280 276
 7895 280 277
 7794 280 277
 7699 280 277
 7708 280 277
 7815 280 277
 7915 280 277
 8009 280 277
 8097 281 277
 8081 282 277
 8066 282 278
 7954 282 279
 7849 282 279
 7751 282 279
 7757 282 279
 7665 282 279
 7676 282 279
 7785 282 279
 8198 287 284
 8176 288 284
 8057 289 284
 7848 289 285
 7750 289 285
 7756 289 285
 7566 290 285
 7486 290 285
 7509 290 285
 7628 290 285
 7642 290 285
 7753 290 285
 7857 290 285
 7954 290 285
 8143 290 285
 8223 291 285
 8200 291 286
 8178 291 287
 8157 292 287
 7942 293 287
 7838 293 287
 7741 293 288
 7748 293 288
 7656 293 288
 7570 293 288
 7489 293 288
 7511 293 288
 7532 293 288
 7650 293 288
 7858 293 288
 8053 293 288
 8035 298 293
 8121 299 293
 8104 300 293
 8088 300 294
 7975 300 295
 7869 300 295
 7868 300 295
 7867 300 295
 7866 300 295
 7963 300 295
 8152 300 295
 8133 301 295
 8115 301 296
 8098 301 297
 7984 301 298
 7877 301 298
 7777 301 298
 7683 301 298
 7693 301 298
 7801 301 298
 8000 301 298
 7990 302 298
 8079 302 298
 8163 302 299
 8241 302 300
 8216 302 301
 8095 303 301
 7884 303 302
 7686 303 302
 7598 303 302
 7614 303 302
 7256 310 304
 7489 310 304
 7707 311 304
 7912 311 304
 8202 311 304
 8376 311 305
 8441 312 305
 8502 313 305
 8363 313 306
 8233 313 307
 8013 313 308
 7807 314 308
 7712 314 308
 7622 314 308
 7440 314 309
 7269 314 309
 7109 314 309
 7057 314 309
 7008 314 309
 6962 314 309
 7017 314 309
 7069 314 309
 7118 314 309
 7262 314 309
 7495 314 309
 7811 314 309
 8107 314 309
 8287 315 309
 8456 315 310
 8516 316 310
 8474 317 310
 7957 325 313
 7852 325 313
 7754 325 313
 7662 325 313
 7674 325 313
 7783 325 313
 7983 325 313
 8073 325 313
 8157 325 314
 8236 326 314
 8212 327 314
 8091 327 315
 7880 327 316
 7682 327 316
 7594 327 316
 7610 327 316
 7723 327 316
 7731 327 316
 7738 327 316
 7843 327 316
 8039 327 316
 8223 328 316
 8298 328 317
 8368 328 318

 8335 328 319
 8207 329 319
 7989 330 319
 7784 330 319
 7690 330 319
 7602 330 319
 7617 330 319
 7729 330 319
 7834 330 319
 7933 330 319
 8124 330 319
 8205 331 319
 8183 331 320
 8064 331 321
 7952 332 321
 7847 332 321
 7847 332 321
 7749 332 321
 7755 332 321
 7859 332 321
 8054 332 321
 8041 333 321
 8029 333 322
 7920 333 323
 7817 333 323
 7721 333 323
 7631 333 323
 7645 333 323
 7756 333 323
 7958 333 323
 8049 333 323
 8134 333 324
 8122 338 330
 8105 339 330
 7991 340 330
 7982 340 330
 8072 340 330
 7960 340 331
 7953 340 331
 8044 340 331
 7934 341 331
 7929 341 331
 8022 341 331
 8109 342 331
 8093 343 331
 7980 343 332
 7874 343 332
 7872 343 332
 7870 343 332
 7967 343 332
 8058 343 332
 8045 343 333
 7935 343 334
 7930 343 334
 8023 343 334
 8012 344 334
 8002 344 335
 7796 344 336
 7701 344 336
 7612 344 336
 7529 344 336
 7549 344 336
 7568 344 336
 8306 349 340
 8375 349 341
 8342 350 341
 8213 350 342
 7994 350 343
 7887 350 343
 7689 350 343
 7601 350 343
 7616 350 343
 7728 350 343
 7931 350 343
 8024 350 343
 8111 350 344
 8095 351 344
 7982 352 344
 7876 352 344
 7776 352 344
 7780 352 344
 7882 352 344
 8076 352 344
 8062 353 344
 8049 353 345
 8036 353 346
 8024 354 346
 7915 355 346
 7715 355 346
 7625 355 346
 7541 355 346
 7560 355 346
 7578 355 346
 7595 355 346
 8297 363 350
 8171 363 351
 7955 363 352
 7654 363 352
 7470 363 352
 7396 363 352
 7424 363 352
 7352 363 352
 7383 363 352
 7510 363 352
 7629 363 352
 7741 363 352
 7944 363 352
 8134 363 352
 8214 364 352
 8289 365 352
 8261 366 352
 8137 366 353
 8021 366 354
 7912 367 354
 7712 367 354
 7622 367 354
 7636 367 354
 7551 367 354
 7570 367 354
 7587 367 354
 7603 367 354
 7716 367 354
 7920 367 354
 8111 367 354
 8193 367 355
 7864 372 360
 7863 372 360
 7862 372 360
 7959 372 360
 8050 372 360
 8135 373 360
 8117 374 360
 8100 374 361
 7986 374 362
 7977 374 362
 7969 374 362
 8059 374 362
 7948 374 363
 7942 374 363
 7936 374 363
 8028 374 363
 8017 375 363
 8006 376 363
 7898 376 364
 7797 376 364
 7702 376 364
 7711 376 364
 7720 376 364
 7728 376 364
 7833 376 364
 8030 376 364
 8117 377 364
 8100 378 364
 8084 378 365
 7971 379 365
 7865 379 365
 7861 384 370
 7958 384 370
 7951 384 370
 8043 384 370
 8129 385 370
 8209 386 370
 8088 387 370
 7975 387 371
 7869 387 371
 7770 387 371
 7775 387 371
 7682 387 371
 7692 387 371
 7800 387 371
 7999 387 371
 8284 387 371
 8453 388 371
 8513 389 371
 8569 389 372
 8524 389 373
 8384 389 374
 8154 390 374
 7939 391 374
 7737 391 374
 7646 391 374
 7659 391 374
 7769 391 374
 7970 391 374
 8060 391 374
 8145 391 375
 8126 391 376
 7899 396 382
 7798 396 382
 7801 396 382
 7902 396 382
 7899 396 382
 7994 396 382
 8181 396 382
 8160 397 382
 8140 397 383
 8024 398 383
 7817 399 383
 7623 399 383
 7441 399 383
 7368 399 383
 7398 399 383
 7524 399 383
 7544 399 383
 7661 399 383
 7869 399 383
 8162 399 383
 8338 400 383
 8405 401 383
 8370 401 384
 8239 401 385
 8117 402 385
 7806 402 386
 7613 402 386
 7530 402 386
 7550 402 386
 7667 402 386
 7678 402 386
 7377 409 391
 7308 409 391
 7342 409 391
 7374 409 391
 7502 409 391
 7720 409 391
 7924 409 391
 8115 409 391
 8196 409 392
 8174 410 392
 8154 411 392
 8037 411 393
 7829 412 393
 7732 412 393
 7739 412 393
 7746 412 393
 7850 412 393
 7850 412 393
 7850 412 393
 7850 412 393
 7948 412 393
 8138 412 393
 8218 412 394
 8195 412 395
 8173 412 396
 8055 412 397
 7846 413 397
 7748 413 397
 7656 413 397
 7570 413 397
 7587 413 397
 7694 417 403
 7704 417 403
 7811 417 403
 8009 417 403
 7999 418 403
 8088 418 403
 8171 418 404
 8151 419 404
 8034 420 404
 7826 420 405
 7631 420 405
 7547 420 405
 7566 420 405
 7682 420 405
 7692 420 405
 7800 420 405
 7999 420 405
 8284 420 405
 8453 420 406
 8513 420 407
 8569 420 408
 8524 420 409
 8384 420 410
 8154 421 410
 7841 422 410
 7547 422 410
 7370 422 410
 7204 423 410
 7048 423 410
 7000 423 410
 7053 423 410
 8250 428 414
 8225 428 415
 8103 429 415
 7989 430 415
 7882 430 415
 7782 430 415
 7786 430 415
 7888 430 415
 7885 430 415
 7981 430 415
 8071 430 415
 8057 430 416
 8044 431 416
 7934 431 417
 7831 431 417
 7832 431 417
 7931 431 417
 7926 431 417
 8019 431 417
 8106 431 418
 7992 432 418
 7983 432 418
 8073 432 418
 8059 433 418
 7948 434 418
 7942 434 418
 7838 434 418
 7839 434 418
 7938 434 418
 8128 434 418
 8208 434 419
 7724 439 425
 7830 439 425
 8027 439 425
 8114 439 426
 8097 440 426
 8081 441 426
 7968 441 427
 7960 441 427
 7953 441 427
 7848 441 428
 7848 441 428
 7848 441 428
 7848 441 428
 7946 441 428
 8038 441 428
 8026 442 428
 8015 442 429
 7907 443 429
 7805 443 429
 7808 443 429
 7810 443 429
 7812 443 429
 7912 443 429
 8104 443 429
 8088 444 429
 8073 444 430
 8059 445 430
 7948 446 430
 7844 446 430
 7746 446 430
 7654 446 430
 7857 451 436
 7856 451 436
 7953 451 436
 8142 451 436
 8320 452 436
 8290 453 436
 8164 453 437
 7948 454 437
 7844 454 437
 7648 454 437
 7562 454 437
 7580 454 437
 7695 454 437
 7803 454 437
 7904 454 437
 8096 454 437
 8276 454 438
 8347 454 439
 8414 455 439
 8379 455 440
 8248 455 441
 8027 455 442
 7722 456 442
 7534 456 442
 7358 456 442
 7291 456 442
 7228 456 442
 7267 456 442
 7401 456 442
 7527 456 442
 7743 456 442
 7880 460 450
 7780 460 450
 7784 460 450
 7690 460 450
 7700 460 450
 7807 460 450
 8006 460 450
 7996 461 450
 8085 461 450
 8070 462 450
 7958 463 450
 7853 463 450
 7755 463 450
 7761 463 450
 7864 463 450
 8059 463 450
 8046 464 450
 8034 464 451
 8022 464 452
 7913 465 452
 7811 465 452
 7715 465 452
 7625 465 452
 7639 465 452
 7750 465 452
 7756 465 452
 7860 465 452
 8055 465 452
 8238 466 452
 8410 467 452
 8473 468 452
 7809 471 459
 7811 471 459
 7813 471 459
 7913 471 459
 8105 471 459
 8187 472 459
 8166 473 459
 8146 473 460
 8029 474 460
 7822 474 461
 7726 474 461
 7636 474 461
 7551 474 461
 7570 474 461
 7685 474 461
 7695 474 461
 7803 474 461
 8002 474 461
 8090 474 462
 8075 475 462
 7963 476 462
 7858 476 462
 7857 476 462
 7954 476 462
 7947 476 462
 8039 476 462
 8125 476 463
 8206 476 464
 8086 477 464
 7973 478 464
 7867 478 464
 8009 482 467
 8097 483 467
 8179 483 468
 8158 483 469
 8139 483 470
 8023 483 471
 7816 484 471
 7622 484 471
 7538 484 471
 7459 484 471
 7385 484 471
 7414 484 471
 7539 484 471
 7656 484 471
 7864 484 471
 8059 484 471
 8242 485 471
 8315 486 471
 8286 487 471
 8161 487 472
 8043 488 472
 7835 488 473
 7738 488 473
 7549 488 473
 7470 488 473
 7494 488 473
 7614 488 473
 7629 488 473
 7741 488 473
 7846 488 473
 7944 488 473
 7714 493 479
 7820 493 479
 7920 493 479
 8111 493 479
 8193 493 480
 8171 493 481
 8151 494 481
 8132 495 481
 7918 496 481
 7816 496 481
 7818 496 481
 7722 496 481
 7730 496 481
 7737 496 482
 7646 496 482
 7659 496 482
 7769 496 482
 7970 496 482
 8158 496 482
 8237 496 483
 8213 497 483
 8092 497 484
 7979 497 485
 7971 497 485
 7963 497 485
 7956 497 485
 7949 497 485
 7943 498 485
 8035 498 485
 7925 498 486
 7822 498 486
 8210 503 491
 8089 503 492
 7976 503 493
 7968 503 493
 7862 503 493
 7861 503 493
 7958 503 493
 7951 503 493
 8043 503 493
 8031 504 493
 7922 505 493
 7917 505 493
 7913 505 493
 7909 505 493
 8003 505 493
 8091 506 493
 7978 506 494
 7970 506 494
 8060 506 494
 8047 507 494
 7937 507 495
 7833 507 495
 7736 507 495
 7743 507 495
 7848 507 495
 7946 507 495
 8038 507 495
 8124 507 496
 8205 508 496
 8183 509 496
 8064 510 496

 7393 510 497
 7225 510 498
 7166 510 498
 7209 510 498
 7347 510 498

 7476 510 498
 7597 510 498
 7809 510 498

 8007 510 498
 8095 510 499

 8080 510 500
 7967 510 501
 7960 510 501

 7953 510 501
 8044 510 501
 8130 511 501

 8112 512 501
 7997 512 502

 7890 512 502
 7887 512 502
 7983 512 502
 8073 512 502
 8059 513 502
 7948 513 503
 7942 513 503
 8034 513 503
 8022 514 503
 8011 514 504
 7903 514 505
 7802 514 505
 7805 514 505
 7808 514 505
 7810 514 505
 7812 514 505
 7912 514 505
 8006 514 505
 7996 515 505
 8085 515 505
 8070 515 506
 7958 515 507
 7951 515 507
 7945 515 507
 7939 515 507
 8031 515 507
 8118 516 507
 8003 517 507
 7895 517 508
 7794 517 508
 7699 517 508
 7610 517 508
 7730 521 515
 7639 521 515
 7652 521 515
 7762 521 515
 7767 521 515
 7870 521 515
 7967 521 515
 8058 521 515
 8045 522 515
 7935 523 515
 7930 523 515
 8023 523 515
 8110 523 516
 7996 524 516
 7987 524 516
 8076 524 516
 7964 524 517
 7859 524 517
 7858 524 517
 7857 524 517
 7856 524 517
 7953 524 517
 8142 524 517
 8222 524 518
 8297 524 519
 8269 524 520
 8243 525 520
 8120 525 521
 7907 526 521
 7707 526 521
 7618 526 521
 8176 531 525
 8155 532 525
 8038 532 526
 7830 532 527
 7635 532 527
 7452 532 527
 7379 532 527
 7408 532 527
 7533 532 527
 7553 532 527
 7669 532 527
 7876 532 527
 8168 532 527
 8344 532 528
 8411 532 529
 8376 533 529
 8245 534 529
 8122 535 529
 7811 536 529
 7617 536 529
 7533 536 529
 7553 536 529
 7669 536 529
 7876 536 529
 7972 536 529
 8062 536 529
 8049 536 530
 8036 536 531
 8024 537 531
 7915 538 531
 7813 538 531
 7714 544 535
 7722 544 535
 7828 544 535
 7829 544 535
 7928 544 535
 8021 544 535
 8010 544 536
 8000 544 537
 7892 544 538
 7791 544 538
 7697 544 539
 7706 544 539
 7617 544 539
 7631 544 539
 7743 544 539
 7750 544 539
 7854 544 539
 8050 544 539
 8135 545 539
 8117 546 539
 8100 546 540
 7986 547 540
 7879 547 540
 7877 547 540
 7973 547 540
 7965 547 540
 8056 547 540
 8141 547 541
 8025 548 541
 7916 548 542
 7912 548 542
 7977 552 547
 8263 552 547
 8335 553 547
 8403 553 548
 8466 553 549
 8427 554 549
 8293 555 549
 8069 555 550
 7761 555 551
 7570 555 551
 7489 555 551
 7413 555 551
 7342 555 551
 7374 555 551
 7404 555 551
 7530 555 551
 7648 555 551
 7856 555 551
 8051 555 551
 8136 555 552
 8118 556 552
 8101 557 552
 7987 557 553
 7880 557 553
 7878 557 553
 7876 557 553
 7972 557 553
 8062 557 553
 8147 557 554
 8128 558 554
 8012 558 555
 8144 563 560
 8027 564 560
 7820 564 561
 7724 564 561
 7732 564 561
 7641 564 561
 7654 564 561
 7764 564 561
 7769 564 561
 7872 564 561
 8066 564 561
 8150 565 561
 8131 566 561
 8015 567 561
 7809 567 562
 7713 567 562
 7721 567 562
 7631 567 562
 7645 567 562
 7756 567 562
 7958 567 562
 8049 567 562
 8134 567 563
 8116 568 563
 8001 569 563
 7795 569 564
 7602 569 564
 7519 569 564
 7540 569 564
 7657 569 564
 7669 569 564
 8153 578 567
 7938 578 568
 7834 578 568
 7639 578 568
 7554 578 568
 7572 578 568
 7687 578 568
 7697 578 568
 7804 578 568
 7905 579 568
 7999 579 568
 8088 579 568
 8073 579 569
 7961 580 569
 7954 580 569
 8045 580 569
 7935 580 570
 7930 580 570
 8023 580 570
 8110 580 571
 7996 581 571
 7987 581 571
 7978 581 571
 7970 581 571
 8060 581 571
 8047 582 571
 7937 582 572
 7931 582 572
 8024 582 572
 8013 583 572
 7905 583 573
 8057 588 576
 8044 589 576
 7934 589 577
 7831 589 577
 7734 589 577
 7741 589 577
 7748 589 577
 7754 589 577
 7858 589 577
 8053 589 577
 8138 590 577
 8218 590 578
 8195 590 579
 8075 591 579
 7963 592 579
 7760 592 579
 7569 592 579
 7488 592 579
 7510 592 579
 7629 592 579
 7643 592 579
 7754 592 579
 7956 592 579
 8145 592 579
 8224 592 580
 8200 593 580
 8080 594 580
 7967 594 581
 7960 594 581
 7855 594 581
 7855 594 581
 7890 598 587
 7887 598 587
 7885 598 587
 7883 598 587
 7979 598 587
 8167 598 587
 8343 598 588
 8312 599 588
 8283 599 589
 8256 599 590
 8132 600 590
 7918 600 591
 7718 600 591
 7530 600 591
 7452 600 591
 7477 600 591
 7598 600 591
 7614 600 591
 7727 600 591
 7931 600 591
 8220 600 591
 8393 601 591
 8457 601 592
 8419 602 592
 8285 603 592
 8062 603 593
 7755 604 593
 7565 604 593
 7485 604 593
 7508 604 593
 7529 604 593
 7642 608 598
 7753 608 598
 7955 608 598
 8046 608 598
 8132 608 599
 8114 608 600
 7999 608 601
 7892 608 601
 7791 608 601
 7795 608 601
 7896 608 601
 8089 608 601
 8074 609 601
 8060 609 602
 8047 609 603
 7937 609 604
 7833 609 604
 7736 609 604
 7645 609 604
 7658 609 604
 7572 609 604
 7589 609 604
 7703 609 604
 7908 609 604
 8198 609 604
 8470 610 604
 8627 611 604
 8676 611 605
 8624 612 605
 8477 613 605
 8242 614 605
 8092 619 610
 7881 619 611
 7781 619 611
 7687 619 611
 7697 619 611
 7804 619 611
 7807 619 611
 7810 619 611
 7812 619 611
 7912 619 611
 8006 619 611
 7996 620 611
 8085 620 611
 8070 621 611
 7958 621 612
 7951 621 612
 7945 621 612
 7939 621 612
 8031 621 612
 8118 621 613
 8003 621 614
 7895 622 614
 7794 622 614
 7699 622 614
 7610 622 614
 7527 622 614
 7547 622 614
 7664 622 614
 7871 622 614
 8066 622 614
 8150 623 614
 7594 629 621

 7610 629 621
 7723 629 621

 7731 629 621
 7738 629 621
 7745 629 621
 7849 629 621
 8045 629 621
 8131 630 621
 8113 631 621
 7998 631 622
 7989 631 622
 7980 631 622
 8070 631 622
 8056 631 623
 7945 631 624
 7939 631 624
 7933 631 624
 7928 631 624
 7923 631 624
 7918 631 624
 8012 631 624
 8002 631 625
 7992 632 625
 7983 632 625
 7975 632 625
 8065 632 625
 8051 632 626
 7940 633 626
 7836 633 626
 7739 633 626
 7746 633 626
 7850 633 626
 8046 633 626
 8132 634 626
 7732 639 632
 7641 639 632
 7654 639 632
 7764 639 632
 7965 639 632
 8056 639 632
 8141 639 633
 8221 639 634
 8296 639 635
 8268 639 636
 8144 640 636
 7929 641 636


