
<4>[ 1427.355644] 3110 3 3136 2
3112 3 3136 2
3114 3 3136 2
3114 3 3136 2
3116 3 3136 2
3118 3 3136 2
3118 3 3136 2
3120 3 3136 2
3121 3 3136 2
3121 3 3136 2
3122 3 3136 2
3123 3 3136 2
3123 3 3136 2
3124 3 3136 2
3125 3 3136 2
3125 3 3136 2
3126 3 3136 2
3127 3 3136 2
3127 3 3136 2
3128 3 3136 2
3129 3 3136 2
3129 3 3136 2
3130 3 3136 2
3131 3 3136 2
3131 3 3136 2
3132 3 3136 2
3133 3 3136 2
3133 3 3136 2
3134 3 3136 2
3135 3 3136 2
3135 3 3136 2
3136 3 3136 2
3136 3 3136 2
3136 3 3136 2
3136 3 3136 2
3136 3 3136 2
3136 3 3136 2
3136 3 3136 2
3136 3 3136 2
3136 3 3136 2
3136 3 3136 2
3136 3 3136 2
3136 3 3136 2
3136 3 3136 2
3136 3 3136 2
3136 3 3136 2
3136 3 3136 2
3136 3 3136 2
3136 3 3136 2
3136 3 3136 2
3136 3 3136 2
3136 3 3136 2
3136 3 3136 2
3136 3 3136 2
3136 3 3136 2
3136 3 3136 2
3136 3 3136 2
3136 3 3136 2
3136 3 3136 2
3136 3 3136 2
3136 3 3136 2
3136 3 3136 2
3136 3 3136 2
3136 3 3136 2
3136 3 3136 2
3136 3 3136 2
3136 3 3136 2
3136 3 3136 2
3136 3 3136 2
3136 3 3136 2
3136 3 3136 2
3136 3 3136 2
3136 3 3136 2
3136 3 3136 2
3136 3 3136 2
3136 3 3136 2
3136 3 3136 2
3136 3 3136 2
3136 3 3136 2
3136 3 3136 2
3136 3 3136 2
3136 3 3136 2
3136 3 3136 2
3136 3 3136 2
3136 3 3136 2
3136 3 3136 2
3136 3 3136 2
3136 3 3136 2
3136 3 3136 2
3136 3 3136 2
3136 3 3136 2
3136 3 3136 2
3136 3 3136 2
3136 3 3136 2
3136 3 3136 2
3136 3 3136 2
3136 3 3136 2
3136 3 3136 2
3136 3 3136 2
3136 3 3136 2
3136 3 3136 2
3136 3 3136 2
3136 3 3136 2
3136 3 3136 2
3136 3 3136 2
3136 3 3136 2
3136 3 3136 2
3136 3 3136 2
3136 3 3136 2
3136 3 3136 2
3136 3 3136 2
3136 3 3136 2
3136 3 3136 2
3136 3 3136 2
3136 3 3136 2
3136 3 3136 2
3136 3 3136 2
3136 3 3136 2
3136 3 3136 2
3136 3 3136 2
3136 3 3136 2
3136 3 3136 2
3136 3 3136 2
3136 3 3136 2
3136 3 3136 2
3136 3 3136 2
3136 3 3136 2
3136 3 3136 2
3136 3 3136 2
3136 3 3136 2
3136 3 3136 2
3136 3 3136 2
3136 3 3136 2
3136 3 3136 2
3136 3 3136 2
3136 3 3136 2
3136 3 3136 2
3136 3 3136 2
3136 3 3136 2
3136 3 3136 2
3136 3 3136 2
3136 3 3136 2
3136 3 3136 2
3136 3 3136 2
3136 3 3136 2
3136 3 3136 2
3136 3 3136 2
3136 3 3136 2
3136 3 3136 2
3136 3 3136 2
3136 3 3136 2
3136 3 3136 2
3136 3 3136 2
3136 3 3136 2
3136 3 3136 2
3857 3 3570 3
3910 3 3570 3
3910 3 3641 3
3960 3 3641 3
4007 3 3641 3
4051 3 3641 3
4051 3 3708 3
4092 3 3708 3
4131 3 3708 3
4167 3 3708 3
4167 3 3771 3
4201 3 3771 3
4233 3 3771 3
4263 3 3771 3
4263 3 3830 3
4291 3 3830 3
4317 3 3830 3
4342 3 3830 3
4342 3 3885 3
4365 3 3885 3
4387 3 3885 3
4309 4 3885 3
4309 4 3839 3
4236 4 3839 3
4168 4 3839 3
4168 4 3796 3
4104 4 3796 3
4044 4 3796 3
4044 4 3755 3
3988 4 3755 3
3935 4 3755 3
4398 5 4036 3
4320 5 4036 3
4320 5 3980 3
4246 5 3980 3
4177 5 3980 3
4177 5 3928 3
4112 5 3928 3
4051 5 3928 3
4051 5 3879 3
3994 5 3879 3
3941 5 3879 3
3989 5 3879 3
3989 5 3931 3
4034 5 3931 3
4076 5 3931 3
4116 5 3931 3
4116 5 3980 3
4153 5 3980 3
4188 5 3980 3
4221 5 3980 3
4221 5 4026 3
4252 5 4026 3
4281 5 4026 3
4308 5 4026 3
4308 5 4069 3
4333 5 4069 3
4357 5 4069 3
4379 5 4069 3
4379 5 4109 3
4400 5 4109 3
4419 5 4109 3
4532 6 4230 3
4445 6 4230 3
4445 6 4162 3
4364 6 4162 3
4288 6 4162 3
4288 6 4098 3
4216 6 4098 3
4149 6 4098 3
4149 6 4038 3
4086 6 4038 3
4125 6 4038 3
4162 6 4038 3
4162 6 4080 3
4196 6 4080 3
4228 6 4080 3
4258 6 4080 3
4258 6 4119 3
4286 6 4119 3
4313 6 4119 3
4338 6 4119 3
4338 6 4156 3
4361 6 4156 3
4383 6 4156 3
4404 6 4156 3
4404 6 4191 3
4423 6 4191 3
4441 6 4191 3
4458 6 4191 3
4458 6 4224 3
4474 6 4224 3
4489 6 4224 3
4355 7 4224 3
4377 7 4224 3
4377 7 4254 3
4398 7 4254 3
4418 7 4254 3
4436 7 4254 3
4436 7 4283 3
4453 7 4283 3
4469 7 4283 3
4484 7 4283 3
4484 7 4310 3
4498 7 4310 3
4511 7 4310 3
4524 7 4310 3
4524 7 4335 3
4536 7 4335 3
4547 7 4335 3
4557 7 4335 3
4557 7 4359 3
4567 7 4359 3
4576 7 4359 3
4584 7 4359 3
4584 7 4381 3
4592 7 4381 3
4599 7 4381 3
4606 7 4381 3
4606 7 4402 3
4613 7 4402 3
4619 7 4402 3
4625 7 4402 3
4625 7 4421 3
4689 7 4514 3
4689 7 4526 3
4690 7 4526 3
4691 7 4526 3
4692 7 4526 3
4692 7 4538 3
4693 7 4538 3
4694 7 4538 3
4695 7 4538 3
4695 7 4549 3
4696 7 4549 3
4697 7 4549 3
4698 7 4549 3
4698 7 4559 3
4699 7 4559 3
4700 7 4559 3
4701 7 4559 3
4701 7 4569 3
4702 7 4569 3
4703 7 4569 3
4704 7 4569 3
4704 7 4578 3
4704 7 4578 3
4704 7 4578 3
4704 7 4578 3
4704 7 4586 3
4704 7 4586 3
4704 7 4586 3
4704 7 4586 3
4704 7 4594 3
4704 7 4594 3
4704 7 4636 3
4704 7 4636 3
4704 7 4636 3
4704 7 4636 3
4704 7 4641 3
4704 7 4641 3
4606 8 4641 3
4515 8 4641 3
4515 8 4547 3
4429 8 4547 3
4349 8 4547 3
4349 8 4459 3
4372 8 4459 3
4393 8 4459 3
4413 8 4459 3
4413 8 4475 3
4432 8 4475 3
4449 8 4475 3
4465 8 4475 3
4465 8 4490 3
4480 8 4490 3
4494 8 4490 3
4508 8 4490 3
4508 8 4504 3
4521 8 4504 3
4533 8 4504 3
4544 8 4504 3
4544 8 4517 3
4554 8 4517 3
4564 8 4517 3
4573 8 4517 3
4674 8 4587 3
4676 8 4587 3
4676 8 4595 3
4678 8 4595 3
4680 8 4595 3
4682 8 4595 3
4682 8 4602 3
4684 8 4602 3
4686 8 4602 3
4688 8 4602 3
4688 8 4609 3
4689 8 4609 3
4592 9 4609 3
4501 9 4609 3
4501 9 4517 3
4416 9 4517 3
4336 9 4517 3
4261 9 4517 3
4261 9 4529 3
4289 9 4529 3
4315 9 4529 3
4340 9 4529 3
4340 9 4540 3
4363 9 4540 3
4385 9 4540 3
4405 9 4540 3
4405 9 4551 3
4424 9 4551 3
4442 9 4551 3
4459 9 4551 3
4459 9 4561 3
4646 9 4609 3
4646 9 4615 3
4650 9 4615 3
4654 9 4615 3
4658 9 4615 3
4658 9 4621 3
4661 9 4621 3
4664 9 4621 3
4667 9 4621 3
4667 9 4627 3
4670 9 4627 3
4673 9 4627 3
4675 9 4627 3
4675 9 4632 3
4677 9 4632 3
4679 9 4632 3
4681 9 4632 3
4681 9 4637 3
4683 9 4637 3
4685 9 4637 3
4687 9 4637 3
4687 9 4642 3
4689 9 4642 3
4690 9 4642 3
4691 9 4642 3
4691 9 4646 3
4692 9 4646 3
4693 9 4646 3
4596 10 4646 3
4596 10 4552 3
4505 10 4552 3
4459 10 4396 3
4475 10 4396 3
4490 10 4396 3
4490 10 4416 3
4504 10 4416 3
4517 10 4416 3
4529 10 4416 3
4529 10 4434 3
4540 10 4434 3
4551 10 4434 3
4561 10 4434 3
4561 10 4451 3
4570 10 4451 3
4579 10 4451 3
4587 10 4451 3
4587 10 4467 3
4595 10 4467 3
4602 10 4467 3
4609 10 4467 3
4609 10 4482 3
4615 10 4482 3
4621 10 4482 3
4627 10 4482 3
4627 10 4496 3
4632 10 4496 3
4637 10 4496 3
4642 10 4496 3
4642 10 4509 3
4646 10 4509 3
4650 10 4509 3
4692 10 4574 3
4693 10 4574 3
4693 10 4583 3
4694 10 4583 3
4695 10 4583 3
4696 10 4583 3
4696 10 4591 3
4697 10 4591 3
4698 10 4591 3
4699 10 4591 3
4699 10 4599 3
4700 10 4599 3
4701 10 4599 3
4702 10 4599 3
4702 10 4606 3
4703 10 4606 3
4704 10 4606 3
4704 10 4606 3
4704 10 4613 3
4704 10 4613 3
4704 10 4613 3
4704 10 4613 3
4704 10 4619 3
4704 10 4619 3
4606 11 4619 3
4515 11 4619 3
4515 11 4527 3
4429 11 4527 3
4349 11 4527 3
4349 11 4441 3
4220 12 4214 3
4220 12 4245 3
4251 12 4245 3
4280 12 4245 3
4307 12 4245 3
4307 12 4274 3
4332 12 4274 3
4356 12 4274 3
4378 12 4274 3
4378 12 4301 3
4399 12 4301 3
4419 12 4301 3
4437 12 4301 3
4437 12 4327 3
4454 12 4327 3
4470 12 4327 3
4485 12 4327 3
4485 12 4351 3
4499 12 4351 3
4512 12 4351 3
4524 12 4351 3
4524 12 4374 3
4536 12 4374 3
4547 12 4374 3
4557 12 4374 3
4557 12 4395 3
4567 12 4395 3
4576 12 4395 3
4584 12 4395 3
4584 12 4415 3
4671 12 4509 3
4674 12 4509 3
4676 12 4509 3
4678 12 4509 3
4678 12 4522 3
4680 12 4522 3
4682 12 4522 3
4684 12 4522 3
4684 12 4534 3
4686 12 4534 3
4688 12 4534 3
4689 12 4534 3
4689 12 4545 3
4690 12 4545 3
4691 12 4545 3
4692 12 4545 3
4692 12 4555 3
4693 12 4555 3
4694 12 4555 3
4695 12 4555 3
4695 12 4565 3
4696 12 4565 3
4697 12 4565 3
4698 12 4565 3
4698 12 4574 3
4699 12 4574 3
4700 12 4574 3
4701 12 4574 3
4701 12 4583 3
4702 12 4583 3
4203 13 4435 3
4203 13 4354 3
4137 13 4354 3
4075 13 4354 3
4115 13 4354 3
4115 13 4376 3
4152 13 4376 3
4187 13 4376 3
4220 13 4376 3
4220 13 4397 3
4251 13 4397 3
4280 13 4397 3
4307 13 4397 3
4307 13 4417 3
4332 13 4417 3
4356 13 4417 3
4378 13 4417 3
4378 13 4435 3
4301 13 4435 4
4229 13 4435 4
4161 13 4435 4
4097 13 4435 4
4037 13 4435 4
3981 13 4435 4
3929 13 4435 4
3880 13 4435 4
3834 13 4435 4
3791 13 4435 4
3653 14 4435 4
3653 14 4354 4
4275 14 4397 4
4302 14 4397 4
4328 14 4397 4
4328 15 4319 4
4254 15 4319 4
4185 15 4319 4
4185 15 4246 4
4120 15 4246 4
4059 15 4246 4
4100 15 4246 4
4100 15 4275 4
4138 15 4275 4
4174 15 4275 4
4208 15 4275 4
4208 15 4302 4
4239 15 4302 4
4269 15 4302 4
4297 15 4302 4
4297 15 4328 4
4323 15 4328 4
4347 15 4328 4
4370 15 4328 4
4370 15 4352 4
4391 15 4352 4
4411 15 4352 4
4430 15 4352 4
4430 15 4374 4
4448 15 4374 4
4464 15 4374 4
4479 15 4374 4
4639 15 4482 4
4639 15 4496 4
4644 15 4496 4
4648 15 4496 4
4652 15 4496 4
4652 15 4509 4
4656 15 4509 4
4659 15 4509 4
4662 15 4509 4
4662 15 4522 4
4665 15 4522 4
4668 15 4522 4
4671 15 4522 4
4671 15 4534 4
4674 15 4534 4
4676 15 4534 4
4678 15 4534 4
4678 15 4545 4
4680 15 4545 4
4682 15 4545 4
4684 15 4545 4
4684 15 4555 4
4686 15 4555 4
4688 15 4555 4
4689 15 4555 4
4689 15 4565 4
4690 15 4565 4
4691 15 4565 4
4692 15 4565 4
4692 16 4476 4
4560 16 4480 4
4569 16 4480 4
4578 16 4480 4
4578 16 4494 4
4586 16 4494 4
4594 16 4494 4
4601 16 4494 4
4601 16 4508 4
4608 16 4508 4
4614 16 4508 4
4620 16 4508 4
4620 16 4521 4
4626 16 4521 4
4631 16 4521 4
4636 16 4521 4
4636 16 4533 4
4641 16 4533 4
4645 16 4533 4
4551 17 4533 4
4551 17 4446 4
4463 17 4446 4
4381 17 4446 4
4381 17 4365 4
4304 17 4365 4
4231 17 4365 4
4231 17 4289 4
4163 17 4289 4
4099 17 4289 4
4099 17 4217 4
4039 17 4217 4
4148 18 4103 4
4183 18 4103 4
4216 18 4103 4
4247 18 4103 4
4247 18 4141 4
4276 18 4141 4
4303 18 4141 4
4329 18 4141 4
4329 18 4177 4
4353 18 4177 4
4375 18 4177 4
4396 18 4177 4
4396 18 4210 4
4416 18 4210 4
4434 18 4210 4
4451 18 4210 4
4451 18 4241 4
4467 18 4241 4
4482 18 4241 4
4496 18 4241 4
4496 18 4270 4
4509 18 4270 4
4522 18 4270 4
4436 19 4270 4
4436 19 4200 4
4355 19 4200 4
4279 19 4200 4
4279 19 4134 4
4208 19 4134 4
4141 19 4134 4
4429 19 4248 4
4429 19 4277 4
4447 19 4277 4
4464 19 4277 4
4479 19 4277 4
4479 19 4304 4
4494 19 4304 4
4508 19 4304 4
4521 19 4304 4
4521 19 4329 4
4533 19 4329 4
4544 19 4329 4
4554 19 4329 4
4554 19 4353 4
4564 19 4353 4
4573 19 4353 4
4582 19 4353 4
4582 19 4375 4
4590 19 4375 4
4598 19 4375 4
4605 19 4375 4
4605 19 4396 4
4612 19 4396 4
4618 19 4396 4
4624 19 4396 4
4624 19 4416 4
4629 19 4416 4
4634 19 4416 4
4639 19 4416 4
4639 19 4434 4
4257 20 4430 4
4285 20 4430 4
4312 20 4430 4
4337 20 4430 4
4337 20 4448 4
4360 20 4448 4
4382 20 4448 4
4403 20 4448 4
4403 20 4464 4
4422 20 4464 4
4440 20 4464 4
4457 20 4464 4
4457 20 4479 4
4473 20 4479 4
4488 20 4479 4
4502 20 4479 4
4502 20 4494 4
4515 20 4494 4
4527 20 4494 4
4539 20 4494 4
4539 20 4508 4
4550 20 4508 4
4560 20 4508 4
4569 20 4508 4
4569 20 4521 4
4578 20 4521 4
4586 20 4521 4
4594 20 4521 4
4594 20 4533 4
4601 20 4533 4
4676 20 4590 4
4580 21 4590 4
4490 21 4590 4
4490 21 4500 4
4406 21 4500 4
4327 21 4500 4
4253 21 4500 4
4253 21 4513 4
4282 21 4513 4
4309 21 4513 4
4334 21 4513 4
4334 21 4525 4
4358 21 4525 4
4380 21 4525 4
4401 21 4525 4
4401 21 4537 4
4420 21 4537 4
4438 21 4537 4
4455 21 4537 4
4455 21 4548 4
4471 21 4548 4
4486 21 4548 4
4500 21 4548 4
4500 21 4558 4
4513 21 4558 4
4525 21 4558 4
4537 21 4558 4
4537 21 4568 4
4548 21 4568 4
4558 21 4568 4
4663 21 4614 4
4666 21 4614 4
4666 21 4620 4
4669 21 4620 4
4672 21 4620 4
4674 21 4620 4
4674 21 4626 4
4676 21 4626 4
4678 21 4626 4
4680 21 4626 4
4680 21 4631 4
4682 21 4631 4
4684 21 4631 4
4686 21 4631 4
4686 21 4636 4
4688 21 4636 4
4689 21 4636 4
4690 21 4636 4
4690 21 4641 4
4691 21 4641 4
4692 21 4641 4
4693 21 4641 4
4693 21 4645 4
4694 21 4645 4
4695 21 4645 4
4696 21 4645 4
4696 21 4649 4
4697 21 4649 4
4698 21 4649 4
4699 21 4649 4
4152 22 4413 4
4187 22 4413 4
4220 22 4413 4
4220 22 4432 4
4251 22 4432 4
4280 22 4432 4
4307 22 4432 4
4307 22 4449 4
4332 22 4449 4
4356 22 4449 4
4378 22 4449 4
4378 22 4465 4
4399 22 4465 4
4419 22 4465 4
4437 22 4465 4
4437 22 4480 4
4454 22 4480 4
4470 22 4480 4
4485 22 4480 4
4485 22 4494 4
4499 22 4494 4
4512 22 4494 4
4524 22 4494 4
4524 22 4508 4
4536 22 4508 4
4547 22 4508 4
4557 22 4508 4
4557 22 4521 4
4567 22 4521 4
4576 22 4521 4
4668 22 4582 4
4671 22 4582 4
4671 22 4590 4
4674 22 4590 4
4676 22 4590 4
4678 22 4590 4
4678 22 4598 4
4680 22 4598 4
4682 22 4598 4
4684 22 4598 4
4684 22 4605 4
4686 22 4605 4
4688 22 4605 4
4689 22 4605 4
4689 22 4612 4
4690 22 4612 4
4691 22 4612 4
4692 22 4612 4
4692 22 4618 4
4693 22 4618 4
4694 22 4618 4
4695 22 4618 4
4695 22 4624 4
4696 22 4624 4
4697 22 4624 4
4698 22 4624 4
4698 22 4629 4
4699 22 4629 4
4700 22 4629 4
4701 22 4629 4
4365 24 4423 4
4289 24 4423 4
4217 24 4423 4
4217 24 4343 4
4248 24 4343 4
4277 24 4343 4
4304 24 4343 4
4304 24 4366 4
4329 24 4366 4
4353 24 4366 4
4375 24 4366 4
4375 24 4388 4
4396 24 4388 4
4416 24 4388 4
4434 24 4388 4
4434 24 4408 4
4451 24 4408 4
4467 24 4408 4
4482 24 4408 4
4482 24 4427 4
4496 24 4427 4
4509 24 4427 4
4522 24 4427 4
4522 24 4445 4
4534 24 4445 4
4545 24 4445 4
4555 24 4445 4
4555 24 4462 4
4565 24 4462 4
4574 24 4462 4
4626 24 4543 4
4631 24 4543 4
4631 24 4554 4
4636 24 4554 4
4641 24 4554 4
4645 24 4554 4
4645 24 4564 4
4649 24 4564 4
4653 24 4564 4
4657 24 4564 4
4657 24 4573 4
4660 24 4573 4
4663 24 4573 4
4666 24 4573 4
4666 24 4582 4
4669 24 4582 4
4672 24 4582 4

4674 24 4582 4
4674 24 4590 4
4676 24 4590 4
4678 24 4590 4
4680 24 4590 4
4680 24 4598 4
4682 24 4598 4
4684 24 4598 4
4686 24 4598 4
4686 24 4605 4
4688 24 4605 4
4689 24 4605 4
4690 24 4605 4
4690 24 4612 4
4691 24 4612 4
4692 24 4612 4
4693 24 4612 4
4693 24 4618 4
4694 24 4618 4
4695 24 4618 4
4696 24 4618 4
4696 24 4624 4
4697 24 4624 4
4698 24 4624 4
4699 24 4624 4
4699 24 4629 4
4700 24 4629 4
4701 24 4629 4
4702 24 4629 4
4702 24 4634 4
4703 24 4634 4
4137 25 4306 4
4075 25 4306 4
4017 25 4306 4
4060 25 4306 4
4060 25 4331 4
4101 25 4331 4
4139 25 4331 4
4175 25 4331 4
4175 25 4355 4
4209 25 4355 4
4240 25 4355 4
4269 25 4355 4
4269 25 4377 4
4297 25 4377 4
4323 25 4377 4
4323 25 4496 4
4445 25 4496 4
4445 25 4607 4
4560 25 4607 4
4667 25 4607 4
4667 25 4614 4
4768 25 4614 4
4768 25 4718 4
4862 25 4718 4
4951 25 4718 4
4951 25 4816 4
5034 25 4816 4
5034 25 4907 4
5112 25 4907 4
5185 25 4907 4
5837 25 5559 4
5865 25 5559 4
5865 25 5604 4
5891 25 5604 4
5891 25 5646 4
5915 25 5646 4
5938 25 5646 4
5938 25 5686 4
5959 25 5686 4
5959 25 5723 4
5979 25 5723 4
5998 25 5723 4
5998 25 5758 4
6016 25 5758 4
6016 25 5791 4
6032 25 5791 4
6047 25 5791 4
6047 26 5724 4
5964 26 5724 4
5964 26 5661 4
5886 26 5661 4
5886 26 5602 4
5813 26 5602 4
5813 26 5546 4
5744 26 5546 4
5744 26 5494 4
5679 26 5494 4
5619 26 5494 4
5619 26 5543 4
5660 26 5543 4
6029 26 5893 4
6045 26 5893 4
6045 26 5917 4
6060 26 5917 4
5976 27 5917 4
5976 27 5842 4
5897 27 5842 4
5897 27 5771 4
5823 27 5771 4
5823 27 5705 4
5754 27 5705 4
5754 27 5643 4
5689 27 5643 4
5689 27 5585 4
5628 27 5585 4
5571 27 5585 4
5571 27 5628 4
5615 27 5628 4
5615 27 5669 4
5657 27 5669 4
5696 27 5669 4
5696 27 5707 4
5732 27 5707 4
5732 27 5743 4
5766 27 5743 4
5798 27 5743 4
5798 27 5777 4
5828 27 5777 4
5828 27 5808 4
5856 27 5808 4
5665 28 5627 4
5665 28 5668 4
5703 28 5668 4
5739 28 5668 4
5739 28 5706 4
5773 28 5706 4
5773 28 5742 4
5805 28 5742 4
5835 28 5742 4
5835 28 5776 4
5863 28 5776 4
5863 28 5807 4
5889 28 5807 4
5913 28 5807 4
5913 28 5837 4
5936 28 5837 4
5936 28 5865 4
5957 28 5865 4
5977 28 5865 4
5977 28 5891 4
5996 28 5891 4
5996 28 5915 4
6014 28 5915 4
6031 28 5915 4
6031 28 5938 4
6047 28 5938 4
6047 28 5959 4
6062 28 5959 4
5978 29 5959 4
5978 29 5881 4
4868 31 4994 5
4858 31 4994 5
4858 31 5074 5
4858 31 5149 5
4947 31 5149 5
5030 31 5149 5
5108 31 5149 5
5108 31 5220 5
5108 31 5286 5
5181 31 5286 5
5250 31 5286 5
5314 31 5286 5
5314 31 5348 5
5314 31 5406 5
5374 31 5406 5
5431 31 5406 5
5484 31 5406 5
5484 31 5461 5
5484 31 5512 5
5534 31 5512 5
5581 31 5512 5
5625 31 5512 5
5625 31 5560 5
5625 31 5605 5
5666 31 5605 5
5704 31 5605 5
5740 31 5605 5
5740 31 5647 5
5740 31 5687 5
5774 31 5687 5
5889 31 5811 6
5889 31 5840 6
5913 31 5840 6
5936 31 5840 6
5936 31 5867 6
5957 31 5867 6
5957 31 5893 6
5977 31 5893 6
5996 31 5893 6
5996 31 5917 6
6014 31 5917 6
6014 31 5940 6
6031 31 5940 6
6047 31 5940 6
6047 31 5961 6
6062 31 5961 6
6062 31 5981 6
6076 31 5981 6
6089 31 5981 6
6089 31 6000 6
6101 31 6000 6
6101 31 6017 6
6112 31 6017 6
6122 31 6017 6
6122 31 6033 6
6132 31 6033 6
6132 31 6048 6
6141 31 6048 6
6150 31 6048 6
6150 31 6062 6
5818 32 5971 7
5818 32 5892 7
5749 32 5892 7
5684 32 5892 7
5623 32 5892 7
5623 32 5818 7
5566 32 5818 7
5513 32 5818 7
5513 32 5749 7
5561 32 5749 7
5561 32 5782 7
5606 32 5782 7
5648 32 5782 7
5648 32 5813 7
5687 32 5813 7
5687 32 5842 7
5724 32 5842 7
5759 32 5842 7
5759 32 5869 7
5792 32 5869 7
5792 32 5895 7
5822 32 5895 7
5851 32 5895 7
5851 32 5919 7
5878 32 5919 7
5878 32 5942 7
5903 32 5942 7
5927 32 5942 7
5927 32 5963 7
5949 32 5963 7
5666 32 5875 8
5704 32 5875 8
5740 32 5875 8
5740 32 5900 8
5740 32 5924 8
5774 32 5924 8
5806 32 5924 8
5836 32 5924 8
5836 32 5946 8
5836 32 5967 8
5864 32 5967 8
5890 32 5967 8
5914 32 5967 8
5914 32 5987 8
5914 32 6005 8
5937 32 6005 8
5958 32 6005 8
5978 32 6005 8
5978 32 6022 8
5978 32 6038 8
5997 32 6038 8
6015 32 6038 8
6032 32 6038 8
6032 32 6053 8
6032 32 6067 8
6047 32 6067 8
6062 32 6067 8
6076 32 6067 8
6076 32 6080 8
6076 32 6092 8
6202 32 6174 8
6202 32 6181 8
6207 32 6181 8
6114 33 6181 8
6026 33 6181 8
6026 33 6089 8
6026 33 6003 8
5944 33 6003 8
5867 33 6003 8
5893 33 6003 8
5893 33 6020 8
5893 33 6036 8
5917 33 6036 8
5940 33 6036 8
5961 33 6036 8
5961 33 6051 8
5961 33 6065 8
5981 33 6065 8
6000 33 6065 8
6017 33 6065 8
6017 33 6078 8
6017 33 6091 8
6033 33 6091 8
6048 33 6091 8
6062 33 6091 8
6062 33 6103 8
6062 33 6114 8
6076 33 6114 8
6089 33 6114 8
6101 33 6114 8
6207 33 6193 8
6212 33 6193 8
6212 33 6198 8
6212 33 6203 8
6216 33 6203 8
6220 33 6203 8
6224 33 6203 8
6224 33 6208 8
6224 33 6212 8
6227 33 6212 8
6230 33 6212 8
6233 33 6212 8
6233 33 6216 8
6233 33 6220 8
6236 33 6220 8
6239 33 6220 8
6242 33 6220 8
6242 33 6224 8
6242 33 6227 8
6244 33 6227 8
6246 33 6227 8
6248 33 6227 8
6248 33 6230 8
6248 33 6233 8
6250 33 6233 8
6154 34 6233 8
6064 34 6233 8
6064 34 6138 8
6064 34 6049 8
5979 34 6049 8
5832 34 5972 9
5832 34 5991 9
5860 34 5991 9
5886 34 5991 9
5886 34 6009 9
5911 34 6009 9
5911 34 6026 9
5934 34 6026 9
5956 34 6026 9
5956 34 6042 9
5976 34 6042 9
5976 34 6057 9
5995 34 6057 9
6013 34 6057 9
6013 34 6071 9
6030 34 6071 9
6030 34 6084 9
6046 34 6084 9
6061 34 6084 9
6061 34 6096 9
6075 34 6096 9
6075 34 6107 9
6088 34 6107 9
6100 34 6107 9
6100 34 6118 9
6111 34 6118 9
6111 34 6128 9
6024 34 6128 10
5942 34 6128 10
5942 34 6039 10
6055 34 6088 10
6069 34 6088 10
6069 34 6100 10
6082 34 6100 10
6094 34 6100 10
6094 34 6111 10
6106 34 6111 10
6106 34 6122 10
6117 34 6122 10
6127 34 6122 10
6127 34 6132 10
6137 34 6132 10
6137 34 6141 10
6146 34 6141 10
6154 34 6141 10
6154 34 6150 10
6162 34 6150 10
6162 34 6158 10
6071 34 6158 11
5986 34 6158 11
5986 34 6068 11
5906 34 6068 11
5831 34 6068 11
5761 34 6068 11
5761 34 6081 11
5761 34 6093 11
5793 34 6093 11
5823 34 6093 11
5852 34 6093 11
5852 34 6105 11
6082 34 6182 11
6094 34 6182 11
6106 34 6182 11
6117 34 6182 11
6117 34 6188 11
6117 34 6194 11
6127 34 6194 11
6137 34 6194 11
6146 34 6194 11
6146 34 6199 11
6146 34 6204 11
6154 34 6204 11
6162 34 6204 11
6169 34 6204 11
6169 34 6209 11
6169 34 6213 11
6176 34 6213 11
6182 34 6213 11
6188 34 6213 11
6188 34 6217 11
6188 34 6221 11
6194 34 6221 11
6199 34 6221 11
6204 34 6221 11
6204 34 6225 11
6204 34 6228 11
6209 34 6228 11
6213 34 6228 11
6217 34 6228 11
6217 34 6231 11
5778 35 5846 11
5809 35 5846 11
5809 35 5873 11
5838 35 5873 11
5838 35 5898 11
5866 35 5898 11
5892 35 5898 11
5892 35 5922 11
5916 35 5922 11
5916 35 5944 11
5939 35 5944 11
5960 35 5944 11
5960 35 5965 11
5980 35 5965 11
5980 35 5985 11
5999 35 5985 11
6017 35 5985 11
6017 35 6003 11
6033 35 6003 11
6033 35 6020 11
6048 35 6020 11
6062 35 6020 11
6062 35 6036 11
6076 35 6036 11
6076 35 6051 11
6089 35 6051 11
6101 35 6051 11
6101 35 6065 11
6112 35 6065 11
6112 35 6078 11
6207 35 6160 11
6212 35 6160 11
6212 36 6069 11
6118 36 6069 11
6118 36 5984 11
6030 36 5984 11
6030 36 5904 11
5948 36 5904 11
5948 36 5829 11
5871 36 5829 11
5871 36 5759 11
5799 36 5759 11
5731 36 5759 11
5731 36 5792 11
5765 36 5792 11
5765 36 5822 11
5797 36 5822 11
5827 36 5822 11
5827 36 5851 11
5855 36 5851 11
5855 36 5878 11
5882 36 5878 11
5907 36 5878 11
5907 36 5903 11
5930 36 5903 11
5930 36 5927 11
5952 36 5927 11
5972 36 5927 11
5972 36 5949 11
5991 36 5949 11
5971 37 5894 11
5990 37 5894 11
5990 37 5918 11
6008 37 5918 11
6025 37 5918 11
6025 37 5941 11
6041 37 5941 11
6041 37 5962 11
5958 37 5962 12
5880 37 5962 12
5880 37 5884 12
5807 37 5884 12
5739 37 5884 12
5739 37 5811 12
5773 37 5811 12
5773 37 5840 12
5805 37 5840 12
5835 37 5840 12
5835 37 5867 12
5863 37 5867 12
5863 37 5893 12
5889 37 5893 12
5913 37 5893 12
5913 37 5917 12
5936 37 5917 12
5936 37 5940 12
5957 37 5940 12
5977 37 5940 12
5977 37 5961 12
5996 37 5961 12
6049 38 5915 12
6063 38 5915 12
6077 38 5915 12
6077 38 5938 12
6077 38 5959 12
6090 38 5959 12
6102 38 5959 12
6113 38 5959 12
6113 38 5979 12
6113 38 5998 12
6123 38 5998 12
6133 38 5998 12
6142 38 5998 12
6142 38 6016 12
6142 38 6032 12
6151 38 6032 12
6159 38 6032 12
6167 38 6032 12
6167 38 6047 12
6167 38 6062 12
6174 38 6062 12
6181 38 6062 12
6187 38 6062 12
6187 38 6076 12
6187 38 6089 12
6193 38 6089 12
6198 38 6089 12
6203 38 6089 12
6203 38 6101 12
6203 38 6112 12
6019 39 6050 12
5937 40 6050 12
5860 40 6050 12
5860 40 5966 12
5860 40 5888 12
5788 40 5888 12
5721 40 5888 12
5756 40 5888 12
5756 40 5912 12
5756 40 5935 12
5789 40 5935 12
5820 40 5935 12
5849 40 5935 12
5849 40 5957 12
5849 40 5977 12
5876 40 5977 12
5901 40 5977 12
5925 40 5977 12
5925 40 5996 12
5925 40 6014 12
5947 40 6014 12
5968 40 6014 12
5987 40 6014 12
5987 40 6031 12
5987 40 6047 12
6005 40 6047 12
6022 40 6047 12
6038 40 6047 12
6038 40 6062 12
6038 40 6076 12
6174 40 6158 12
6083 41 6158 12
5997 41 6158 12
5997 41 6068 12
5997 41 5983 12
5917 41 5983 12
5842 41 5983 12
5869 41 5983 12
5869 41 6002 12
5869 41 6019 12
5895 41 6019 12
5919 41 6019 12
5942 41 6019 12
5942 41 6035 12
5942 41 6050 12
5963 41 6050 12
5983 41 6050 12
6002 41 6050 12
6002 41 6064 12
6002 41 6077 12
6019 41 6077 12
6035 41 6077 12
6050 41 6077 12
6050 41 6090 12
6050 41 6102 12
6064 41 6102 12
6077 41 6102 12
6090 41 6102 12
6090 42 6015 12
6090 42 5934 12
5939 42 5798 12
5939 42 5828 12
5939 42 5856 12
5960 42 5856 12
5980 42 5856 12
5999 42 5856 12
5999 42 5882 12
5999 42 5907 12
6017 42 5907 12
6033 42 5907 12
6048 42 5907 12
6048 42 5930 12
6048 42 5952 12
6062 42 5952 12
6076 42 5952 12
6089 42 5952 12
6089 42 5972 12
6089 42 5991 12
6101 42 5991 12
6112 42 5991 12
6122 42 5991 12
6122 42 6009 12
6122 42 6026 12
6132 42 6026 12
6141 42 6026 12
6150 42 6026 12
6150 42 6042 12
6150 42 6057 12
6158 42 6057 12
6166 42 6057 12
5913 43 5912 12
5936 43 5912 12
5936 43 5935 12
5957 43 5935 12
5977 43 5935 12
5977 43 5957 12
5996 43 5957 12
5996 43 5977 12
6014 43 5977 12
6031 43 5977 12
6031 43 5996 12
6047 43 5996 12
6047 43 6014 12
6062 43 6014 12
6076 43 6014 12
6076 43 6031 12
6089 43 6031 12
6089 43 6047 12
6101 43 6047 12
6112 43 6047 12
6112 43 6062 12
6122 43 6062 12
6122 43 6076 12
6132 43 6076 12
6141 43 6076 12
6141 43 6089 12
6150 43 6089 12
6150 43 6101 12
6158 43 6101 12
6166 43 6101 12
5871 44 5904 12
5871 44 5829 12
5799 44 5829 12
5799 44 5759 12
5731 44 5759 12
5765 44 5759 12
5765 44 5792 12
5797 44 5792 12
5797 44 5822 12
5827 44 5822 12
5855 44 5822 12
5855 44 5851 12
5882 44 5851 12
5882 44 5878 12
5907 44 5878 12
5930 44 5878 12
5930 44 5903 12
5952 44 5903 12
5952 44 5927 12
5972 44 5927 12
5991 44 5927 12
5991 44 5949 12
6009 44 5949 12
6009 44 5970 12
6026 44 5970 12
6042 44 5970 12
6042 44 5989 12
6057 44 5989 12
6057 44 6007 12
6071 44 6007 12
6188 44 6117 12
6188 44 6127 12
6194 44 6127 12
6194 44 6137 12
6199 44 6137 12
6204 44 6137 12
6204 45 6048 12
6111 45 6048 12
6111 45 5964 12
6024 45 5964 12
6024 45 5886 12
5942 45 5886 12
5942 45 5813 12
5865 45 5813 12
5865 45 5744 12
5793 45 5744 12
5725 45 5744 12
5725 45 5777 12
5760 45 5777 12
5760 45 5808 12
5792 45 5808 12
5822 45 5808 12
5822 45 5837 12
5851 45 5837 12
5851 45 5865 12
5878 45 5865 12
5903 45 5865 12
5903 45 5891 12
5927 45 5891 12
5927 45 5915 12
6127 45 6160 12
6235 45 6160 12
6336 45 6160 12
6336 45 6265 12
6430 45 6265 12
6519 45 6265 12
6519 45 6364 12
6602 45 6364 12
6680 45 6364 12
6680 45 6457 12
6753 45 6457 12
6821 45 6457 12
6821 45 6544 12
6885 45 6544 12
6945 45 6544 12
6945 46 6527 12
6903 46 6527 12
6864 46 6527 12
6864 46 6512 12
6827 46 6512 12
6827 46 6497 12
6793 46 6497 12
6761 46 6497 12
6761 46 6483 12
6731 46 6483 12
6703 46 6483 12
6703 46 6568 12
6775 46 6568 12
6842 46 6568 12
6842 46 6648 12
7002 47 6750 12
7055 47 6750 12
7055 47 6819 12
7105 47 6819 12
7151 47 6819 12
7151 47 6883 12
7195 47 6883 12
7236 47 6883 12
7236 47 6943 12
7274 47 6943 12
7310 47 6943 12
7310 47 7000 12
7344 47 7000 12
7375 47 7000 12
7375 47 7053 12
7405 47 7053 12
7433 47 7053 12
7433 47 7103 12
7459 47 7103 12
7483 47 7103 12

7483 47 7150 12
7506 47 7150 12
7527 47 7150 12
7527 47 7194 12
7547 47 7194 12
7566 47 7194 12
7566 47 7235 12
7584 47 7235 12
7600 47 7235 12
7600 48 7175 12
7517 48 7175 12
7440 48 7175 12
7440 48 7119 12
7269 48 7119 12
7207 48 7119 12
7207 48 7165 12
7247 48 7165 12
7285 48 7165 12
7285 48 7208 12
7320 48 7208 12
7353 48 7208 12
7353 48 7248 12
7384 48 7248 12
7413 48 7248 12
7413 49 7187 12
7342 49 7187 12
7276 49 7187 12
7276 49 7130 12
7214 49 7130 12
7214 49 7077 12
7254 49 7077 12
7608 49 7357 12
7623 49 7357 12
7623 49 7388 12
7637 49 7388 12
7650 49 7388 12
7662 49 7388 12
7662 49 7417 12
7674 49 7417 12
7674 49 7444 12
7685 49 7444 12
7695 49 7444 12
7705 49 7444 12
7705 49 7469 12
7714 49 7469 12
7714 49 7493 12
7722 49 7493 12
7632 50 7493 12
7547 50 7493 12
7547 50 7417 12
7566 50 7417 12
7566 50 7346 12
7486 50 7346 12
7411 50 7346 12
7411 50 7279 12
7340 50 7279 12
7340 50 7217 12
7274 50 7217 12
7310 50 7217 12
7344 50 7217 12
7344 50 7256 12
7204 51 7158 12
7244 51 7158 12
7244 51 7201 12

7282 51 7201 12
7282 51 7241 12

7317 51 7241 12
7350 51 7241 12

7381 51 7241 12
7381 51 7279 12

7410 51 7279 12
7410 51 7315 12

7437 51 7315 12
7463 51 7315 12

7487 51 7315 12
7487 51 7348 12
7510 51 7348 12
7510 51 7379 12
7531 51 7379 12
7551 51 7379 12
7570 51 7379 12
7570 51 7408 12
7587 51 7408 12
7587 51 7533 12
7603 51 7533 12
7618 51 7533 12
7632 51 7533 12
7632 51 7553 12
7645 51 7553 12
7645 51 7571 12
7658 51 7571 12
7670 52 7571 12
7583 52 7571 12
7583 52 7490 12
7502 52 7490 12
7502 52 7414 12
7426 52 7414 12
7354 52 7414 12
7385 52 7414 12
7385 52 7441 12
7414 52 7441 12
7414 52 7466 12
7343 52 7466 13
7277 52 7466 13
7215 52 7466 13
7350 52 7391 13
7381 52 7391 13
7410 52 7391 13
7410 52 7420 13
7437 52 7420 13
7437 52 7447 13
7463 52 7447 13
7487 52 7447 13
7510 52 7447 13
7510 52 7472 13
7531 52 7472 13
7531 52 7495 13
7551 52 7495 13
7570 52 7495 13
7587 52 7495 13
7587 52 7517 13
7603 52 7517 13
7603 52 7538 13
7618 52 7538 13
7730 52 7538 13
7737 52 7538 13
7737 52 7557 13
7744 52 7557 13
7744 52 7575 13
7750 52 7575 13
7756 52 7575 13
7762 52 7575 13
7762 52 7592 13
7767 52 7592 13
7767 53 7510 13
7451 53 7419 13
7476 53 7419 13
7476 53 7446 13
7499 53 7446 13
7521 53 7446 13
7541 53 7446 13
7541 53 7471 13
7658 53 7471 13
7658 53 7495 13
7768 53 7495 13
7773 53 7495 13
7876 53 7495 13
7876 53 7517 13
7874 53 7517 13
7874 53 7538 13
7872 53 7538 13
7870 53 7538 13
7869 54 7538 13
7869 54 7459 13
7770 54 7459 13
7770 54 7385 13
7677 54 7385 13
7590 54 7385 13
7590 54 7316 13
7508 54 7316 13
7508 54 7251 13
7431 54 7251 13
7359 54 7251 13
7292 55 7251 13
7292 55 7190 13
7158 56 7172 13
7103 56 7172 13
7150 56 7172 13
7150 56 7116 13
7194 56 7116 13
7194 56 7162 13
7235 56 7162 13
7273 56 7162 13
7309 56 7162 13
7309 56 7205 13
7343 56 7205 13
7343 56 7245 13
7375 56 7245 13
7405 56 7245 13
7433 56 7245 13
7433 56 7381 13
7459 56 7381 13
7459 56 7410 13
7483 56 7410 13
7506 56 7410 13
7527 56 7410 13
7527 56 7437 13
7547 56 7437 13
7547 57 7365 13
7468 57 7365 13
7492 57 7365 13
7416 57 7365 13
7416 57 7297 13
7416 57 7233 13
7345 57 7233 13
6974 58 6979 13
6974 58 7033 13
7029 58 7033 13
7080 58 7033 13
7128 58 7033 13
7128 58 7084 13
7173 58 7084 13
7173 58 7132 13
7215 58 7132 13
7255 58 7132 13
7292 58 7132 13
7292 58 7177 13
7327 58 7177 13
7327 58 7219 13
7360 58 7219 13
7390 58 7219 13
7419 58 7219 13
7419 59 7160 13
7348 59 7160 13
7348 59 7105 13
7281 59 7105 13
7218 59 7105 13
7218 59 7053 13
7159 59 7053 13
7159 59 7005 13
7104 59 7005 13
7052 59 7005 13
7052 59 6960 13
7102 59 6960 13
7149 59 6960 13
7252 60 7030 13
7252 60 7081 13
7289 60 7081 13
7324 60 7081 13
7324 60 7129 13
7357 60 7129 13
7388 60 7129 13
7388 60 7174 13
7417 60 7174 13
7444 60 7174 13
7444 60 7216 13
7469 60 7216 13
7395 61 7216 13
7395 61 7157 13
7325 61 7157 13
7260 61 7157 13
7260 61 7102 13
7199 61 7102 13
7199 61 7051 13
7142 61 7051 13
7088 61 7051 13
7088 61 7003 13
7037 61 7003 13
6990 61 7003 13
6990 61 7056 13
7044 61 7056 13
7094 61 7056 13
7094 61 7105 13
7141 61 7105 13
7185 61 7105 13
7578 61 7375 13
7578 61 7405 13
7595 61 7405 13
7611 61 7405 13
7611 61 7433 13
7626 61 7433 13
7640 61 7433 13
7640 61 7459 13
7653 61 7459 13
7665 61 7459 13
7665 61 7483 13
7676 61 7483 13
7687 61 7483 13
7687 61 7506 13
7697 61 7506 13
7608 62 7506 13
7608 62 7429 13
7525 62 7429 13
7447 62 7429 13
7447 62 7455 13
7374 62 7455 13
7404 62 7455 13
7404 62 7480 13
7432 62 7480 13
7458 62 7480 13
7458 62 7503 13
7482 62 7503 13
7505 62 7503 13
7505 63 7427 13
7428 63 7427 13
7422 63 7366 13
7422 63 7396 13
7449 63 7396 13
7474 63 7396 13
7474 63 7424 13
7497 63 7424 13
7519 63 7424 13
7519 63 7450 13
7540 63 7450 13
7559 63 7450 13
7559 63 7475 13
7577 63 7475 13
7594 63 7475 13
7594 63 7498 13
7610 63 7498 13
7625 63 7498 13
7625 63 7520 13
7639 63 7520 13
7652 63 7520 13
7652 63 7540 13
7664 63 7540 13
7675 63 7540 13
7675 63 7559 13
7686 63 7559 13
7696 63 7559 13
7696 64 7479 13
7607 64 7479 13
7524 64 7479 13
7524 64 7404 13
7446 64 7404 13
7644 64 7565 13
7657 64 7565 13
7657 64 7583 13
7669 64 7583 13
7680 64 7583 13
7680 64 7600 13
7690 64 7600 13
7700 64 7600 13
7700 64 7615 13
7709 64 7615 13
7718 64 7615 13
7718 64 7630 13
7726 64 7630 13
7734 64 7630 13
7734 64 7644 13
7741 64 7644 13
7650 65 7644 13
7650 65 7559 13
7564 65 7559 13
7484 65 7559 13
7484 65 7479 13
7409 65 7479 13
7436 65 7479 13
7436 65 7502 13
7462 65 7502 13
7486 65 7502 13
7486 65 7524 13
7509 65 7524 13
7530 65 7524 13
7530 65 7544 13
7366 66 7303 14
7396 66 7303 14
7424 66 7303 14
7424 66 7337 14
7450 66 7337 14
7450 66 7369 14
7475 66 7369 14
7498 66 7369 14
7520 66 7369 14
7520 66 7399 14
7540 66 7399 14
7540 66 7427 14
7559 66 7427 14
7577 66 7427 14
7594 66 7427 14
7594 66 7453 14
7610 66 7453 14
7610 66 7478 14
7625 66 7478 14
7639 66 7478 14
7652 66 7478 14
7652 66 7501 14
7664 66 7501 14
7664 66 7523 14
7675 66 7523 14
7686 66 7523 14
7696 67 7523 14
7696 67 7445 14
7607 67 7445 14
7607 67 7372 14
7340 68 7335 14
7340 68 7367 14
7372 68 7367 14
7372 68 7397 14
7402 68 7397 14
7430 68 7397 14
7456 68 7397 14
7456 68 7425 14
7480 68 7425 14
7480 68 7451 14
7503 68 7451 14
7525 68 7451 14
7545 68 7451 14
7545 68 7476 14
7564 68 7476 14
7564 68 7499 14
7582 68 7499 14
7599 68 7499 14
7615 68 7499 14
7615 68 7521 14
7532 68 7521 15
7532 69 7345 15
7356 69 7345 15
7191 69 7345 15
7036 69 7345 15
7036 69 7180 15
7036 69 7026 16
6891 69 7026 16
6853 69 7026 16
6817 69 7026 16
7119 70 7008 16
7119 70 7060 16
7165 70 7060 16
7208 70 7060 16
7248 70 7060 16
7248 70 7109 16
7285 70 7109 16
7285 70 7155 16
7320 70 7155 16
7353 70 7155 16
7384 70 7155 16
7384 70 7198 16
7413 70 7198 16
7413 70 7239 16
7440 70 7239 16
7465 70 7239 16
7489 70 7239 16
7489 70 7277 16
7511 70 7277 16
7511 70 7313 16
7532 70 7313 16
7552 70 7313 16
7570 70 7313 16
7570 70 7346 16
7587 70 7346 16
7587 70 7377 16
7603 70 7377 16
7618 70 7377 16
7632 70 7377 16
7632 70 7406 16
7374 71 7187 16
7404 71 7187 16
7404 71 7228 16
7404 71 7267 16
7432 71 7267 16
7458 71 7267 16
7482 71 7267 16
7505 71 7267 16
7505 71 7303 16
7505 71 7337 16
7526 71 7337 16
7546 71 7337 16
7565 71 7337 16
7583 71 7337 16
7583 71 7369 16
7583 71 7399 16
7600 71 7399 16
7615 71 7399 16
7532 72 7399 16
7454 72 7399 16
7454 72 7329 16
7454 72 7263 16
7381 72 7263 16
7312 72 7263 16
7345 72 7263 16
7376 72 7263 16
7376 72 7300 16
7376 72 7334 16
7405 72 7334 16
7433 72 7334 16
7755 72 7520 16
7755 72 7540 16
7761 72 7540 16
7766 72 7540 16
7771 72 7540 16
7776 72 7540 16
7776 72 7657 16
7776 72 7669 16
7780 72 7669 16
7784 72 7669 16
7788 72 7669 16
7792 72 7669 16
7792 72 7778 16
7792 72 7684 17
7697 72 7684 17
7608 72 7684 17
7525 72 7684 17
7447 72 7684 17
7447 72 7694 17
7447 72 7704 17
7472 72 7704 17
7397 73 7704 17
7327 73 7704 17
7262 73 7704 17
7262 73 7615 17
7262 73 7532 17
7201 73 7532 17
7241 73 7532 17
7279 73 7532 17
7315 73 7532 17
7693 73 7730 17
7703 73 7730 17
7712 73 7730 17
7720 73 7730 17
7720 73 7737 17
7720 73 7744 17
7728 73 7744 17
7735 73 7744 17
7742 73 7744 17
7749 73 7744 17
7749 73 7750 17
7749 73 7658 18
7657 73 7658 18
7571 73 7658 18
7490 73 7658 18
7414 73 7658 18
7414 73 7572 18
7414 73 7589 18
7441 73 7589 18
7466 73 7589 18
7490 73 7589 18
7512 73 7589 18
7512 73 7605 18
7512 73 7620 18
7533 73 7620 18
7553 73 7620 18
7571 73 7620 18
7588 73 7620 18
7588 73 7634 18
7588 73 7647 18
7807 73 7712 18
7810 73 7712 18
7810 73 7720 18
7810 73 7728 18
7714 73 7728 19
7624 73 7728 19
7540 73 7728 19
7461 73 7728 19
7461 73 7637 19
7387 73 7637 19
7318 73 7637 19
7253 73 7637 19
7192 73 7637 19
7192 73 7552 19
7192 73 7472 19
7233 73 7472 19
7271 73 7472 19
7307 73 7472 19
7341 73 7472 19
7341 73 7495 19
7341 73 7517 19
7373 73 7517 19
7403 73 7517 19
7431 73 7517 19
7457 73 7517 19
7457 73 7538 19
7457 73 7557 19
7481 73 7557 19
7504 73 7557 19
7525 73 7557 19
7190 75 7337 19
7133 75 7337 19
7178 75 7337 19
7220 75 7337 19
7259 75 7337 19
7259 75 7369 19
7259 75 7399 19
7296 75 7399 19
7330 75 7399 19
7362 75 7399 19
7392 75 7399 19
7392 75 7427 19
7392 75 7453 19
7322 75 7453 20
7257 75 7453 20
7196 75 7453 20
7139 75 7453 20
7139 75 7380 20
7139 75 7311 20
7183 75 7311 20
7225 75 7311 20
7264 75 7311 20
7300 75 7311 20
7300 75 7345 20
7300 75 7376 20
7334 75 7376 20
7366 75 7376 20
7396 75 7376 20
7424 75 7376 20
7424 75 7405 20
7475 76 7485 20
7498 76 7485 20
7520 76 7485 20
7520 76 7508 20
7520 76 7529 20
7540 76 7529 20
7559 76 7529 20
7577 76 7529 20
7594 76 7529 20
7594 76 7549 20
7594 76 7568 20
7610 76 7568 20
7625 76 7568 20
7639 76 7568 20
7652 76 7568 20
7652 77 7487 20
7652 77 7412 20
7566 77 7412 20
7486 77 7412 20
7411 77 7412 20
7411 77 7341 20
7411 77 7275 20
7340 77 7275 20
7274 77 7275 20
7212 77 7275 20
7154 77 7275 20
7154 77 7311 20
7154 77 7345 20
7197 77 7345 20
7238 77 7345 20
7373 78 7441 20
7373 78 7466 20
7403 78 7466 20
7431 78 7466 20
7457 78 7466 20
7481 78 7466 20
7481 78 7490 20
7481 78 7512 20
7504 78 7512 20
7525 78 7512 20
7447 79 7512 20
7374 79 7512 20
7374 79 7435 20
7374 79 7363 20
7306 79 7363 20
7242 79 7363 20
7182 79 7363 20
7182 79 7295 20
7182 79 7232 20
7126 79 7232 20
7073 79 7232 20
7121 79 7232 20
7166 79 7232 20
7166 79 7270 20
7166 79 7306 20
7209 79 7306 20
7249 79 7306 20
7286 79 7306 20
7321 79 7306 20
7321 80 7242 20
7273 80 7347 20
7211 81 7347 20
7211 81 7280 20
7211 81 7217 20
7153 81 7217 20
7098 81 7217 20
7047 81 7217 20
7047 81 7158 20
7047 81 7103 20
6999 81 7103 20
6954 81 7103 20
6912 81 7103 20
6970 81 7103 20
6970 81 7150 20
6970 81 7194 20
7025 81 7194 20
7076 81 7194 20
7124 81 7194 20
7169 81 7194 20
7169 81 7235 20
7169 81 7273 20
7211 81 7273 20
7251 81 7273 20
7288 81 7273 20
7323 81 7273 20
7323 81 7309 20
7323 81 7343 20
7356 81 7343 20
7387 81 7343 20
7416 81 7343 20
7742 81 7547 20
7749 81 7547 20
7657 82 7547 20
7571 82 7547 20
7490 82 7547 20
7490 82 7468 20
7490 82 7394 20
7414 82 7394 20
7441 82 7394 20
7466 82 7394 20
7490 82 7394 20
7490 82 7422 20
7490 82 7449 20
7512 82 7449 20
7533 82 7449 20
7553 82 7449 20
7571 82 7449 20
7571 83 7376 20
7571 83 7307 20
7392 83 7307 21
7224 83 7307 21
7067 83 7307 21
6920 83 7307 21
6920 83 7243 21
6880 83 7243 21
6880 83 7183 21
6940 83 7183 21
6997 83 7183 21
7050 83 7183 21
7050 83 7225 21
7525 83 7450 21
7545 83 7450 21
7564 83 7450 21
7564 83 7573 21
7582 83 7573 21
7582 83 7590 21
7599 83 7590 21
7615 83 7590 21
7630 83 7590 21
7630 83 7606 21
7644 83 7606 21
7644 83 7621 21
7657 83 7621 21
7669 83 7621 21
7680 83 7621 21
7680 83 7635 21
7690 83 7635 21
7690 83 7648 21
7700 83 7648 21
7611 84 7648 21
7528 84 7648 21
7528 84 7562 21
7450 84 7562 21
7450 84 7482 21
7377 84 7482 21
7308 84 7482 21
7308 84 7407 21
7244 84 7407 21
7244 84 7337 21
7184 84 7337 21
7577 84 7523 21
7594 84 7523 21
7594 84 7543 21
7610 84 7543 21
7625 84 7543 21
7639 84 7543 21
7639 84 7562 21
7652 84 7562 21
7652 84 7580 21
7762 84 7580 21
7767 84 7580 21
7772 84 7580 21
7772 84 7597 21
7777 84 7597 21
7777 84 7613 21
7781 84 7613 21
7785 84 7613 21
7789 84 7613 21
7789 84 7530 21
7793 84 7530 21
7793 85 7452 21
7698 85 7452 21
7609 85 7452 21
7526 85 7452 21
7526 85 7379 21
7448 85 7379 21
7448 85 7408 21
7473 85 7408 21
7496 85 7408 21
7518 85 7408 21
7614 86 7396 21
7531 86 7396 21
7453 86 7396 21
7380 86 7396 21
7380 86 7424 21
7409 86 7424 21
7409 86 7450 21
7436 86 7450 21
7462 86 7450 21
7486 86 7450 21
7486 86 7475 21
7509 86 7475 21
7509 86 7498 21
7530 86 7498 21
7648 86 7498 21
7660 86 7498 21
7660 86 7520 21
7672 86 7520 21
7672 86 7540 21
7683 86 7540 21
7693 86 7540 21
7703 86 7540 21
7703 86 7559 21
7712 86 7559 21
7712 87 7479 21
7622 87 7479 21
7538 87 7479 21
7459 87 7479 21
7459 87 7404 21
7459 87 7334 21
7525 87 7428 21
7525 87 7454 21
7643 87 7454 21
7643 87 7479 21
7656 87 7479 21
7668 87 7479 21
7679 87 7479 21
7679 87 7502 21
7690 87 7502 21
7690 87 7524 21
7798 87 7524 21
7801 87 7524 21
7804 87 7524 21
7804 87 7544 21
7807 87 7544 21
7807 87 7563 21
7810 87 7563 21
7812 87 7563 21
7814 87 7563 21
7814 88 7483 21
7718 88 7483 21
7718 88 7408 21
7628 88 7408 21
7544 88 7408 21
7465 88 7408 21
7465 88 7435 21
7489 88 7435 21
7489 88 7461 21
7511 88 7461 21
7532 88 7461 21
7719 88 7601 21
7719 88 7616 21
7727 88 7616 21
7735 88 7616 21
7840 88 7616 21
7840 88 7630 21
7938 88 7630 21
7938 88 7644 21
7932 88 7644 21
7829 89 7644 21
7732 89 7644 21
7732 89 7559 21
7641 89 7559 21
7641 89 7479 21
7556 89 7479 21
7574 89 7479 21
7591 89 7479 21
7591 89 7502 21
7607 89 7502 21
7607 89 7524 21
7622 89 7524 21
7636 89 7524 21
7649 89 7524 21
7649 89 7544 21
7661 89 7544 21
7661 89 7563 21
7673 89 7563 21
7684 89 7563 21
7694 89 7563 21
7694 89 7581 21
7510 90 7489 21
7433 90 7489 21
7459 90 7489 21
7459 90 7511 21
7483 90 7511 21
7483 90 7532 21
7506 90 7532 21
7527 90 7532 21
7547 90 7532 21
7547 90 7650 21
7566 90 7650 21
7566 90 7662 21
7584 90 7662 21
7698 90 7662 21
7707 90 7662 21
7707 90 7674 21
7716 90 7674 21
7716 90 7685 21
7724 90 7685 21
7732 90 7685 21
7739 90 7685 21
7739 90 7695 21
7746 90 7695 21
7746 90 7705 21
7752 90 7705 21
7758 90 7705 21
7764 90 7705 21
7764 90 7714 21
7769 90 7714 21
7769 90 7722 21
7438 90 7670 22
7438 90 7681 22
7464 90 7681 22
7488 90 7681 22
7488 90 7691 22
7510 90 7691 22
7531 90 7691 22
7531 90 7701 22
7551 90 7701 22
7570 90 7701 22
7570 90 7710 22
7587 90 7710 22
7603 90 7710 22
7603 90 7719 22
7618 90 7719 22
7730 90 7719 22
7730 90 7727 22
7835 90 7727 22
7836 90 7727 22
7836 90 7735 22
7837 90 7735 22
7838 90 7735 22
7838 90 7742 22
7839 90 7742 22
7840 90 7742 22
7840 90 7749 22
7840 90 7749 22
7840 90 7749 22
7840 90 7755 22
7742 90 7755 23
7225 91 7315 23
7225 91 7348 23
7264 91 7348 23
7264 91 7379 23
7300 91 7379 23
7334 91 7379 23
7366 91 7379 23
7366 91 7408 23
7396 91 7408 23
7396 92 7337 23
7424 92 7337 23
7352 92 7337 23
7285 92 7337 23
7285 92 7271 23
7320 92 7271 23
7320 92 7307 23
7353 92 7307 23
7384 92 7307 23
7413 92 7307 23
7413 92 7341 23
7440 92 7341 23
7440 92 7373 23
7465 92 7373 23
7489 92 7373 23
7511 92 7373 23
7511 92 7403 23
7532 92 7403 23
7532 92 7431 23
7552 92 7431 23
7570 92 7431 23
7286 93 7304 23
7321 93 7304 23
7354 93 7304 23
7385 93 7304 23
7385 93 7338 23
7414 93 7338 23
7414 93 7370 23
7441 93 7370 23
7466 93 7370 23
7490 93 7370 23
7490 93 7400 23
7512 93 7400 23
7512 94 7330 23
7435 94 7330 23
7363 94 7330 23
7393 94 7330 23
7393 94 7264 23
7421 94 7264 23
7421 94 7300 23
7448 94 7300 23
7473 94 7300 23
7496 94 7300 23
7496 95 7236 23
7420 95 7236 23
7420 95 7176 23
7349 95 7176 23
7282 95 7176 23
7282 95 7120 23
7219 95 7120 23
7219 95 7067 23
7240 96 7171 23
7240 96 7213 23
7278 96 7213 23
7278 96 7253 23
7314 96 7253 23
7347 96 7253 23
7378 96 7253 23
7378 96 7290 23
7407 96 7290 23
7407 96 7325 23
7435 96 7325 23
7461 96 7325 23
7485 96 7325 23
7485 96 7358 23
7508 96 7358 23
7508 96 7389 23
7529 96 7389 23
7451 97 7389 23
7378 97 7389 23
7378 97 7320 23
7309 97 7320 23
7309 97 7255 23
7147 97 7255 24
6995 97 7255 24
6995 97 7096 24
6852 97 7096 24
6718 97 7096 24
6718 97 6947 24
6691 97 6947 24
6763 97 6947 24
6707 98 6805 25
6707 98 6870 25
6778 98 6870 25
6778 98 6931 25
6845 98 6931 25
6908 98 6931 25
6967 98 6931 25
6967 98 6988 25
7022 98 6988 25
7022 98 7042 25
7074 98 7042 25
7122 98 7042 25
7167 98 7042 25
7167 98 7092 25
7210 98 7092 25
7210 98 7139 25
7250 98 7139 25
7287 98 7139 25
7420 98 7139 25
7420 98 7183 25
7447 98 7183 25
7447 98 7225 25
7472 98 7225 25
7495 98 7225 25
7517 98 7225 25
7517 98 7264 25
7636 98 7264 25
7636 98 7300 25
7747 98 7300 25
7655 99 7300 25
7632 99 7361 25
7632 99 7391 25
7645 99 7391 25
7658 99 7391 25
7670 99 7391 25
7670 99 7420 25
7681 99 7420 25
7681 99 7447 25
7691 99 7447 25
7603 100 7447 25
7520 100 7447 25
7520 100 7374 25
7442 100 7374 25
7442 100 7306 25
7369 100 7306 25
7301 100 7306 25
7301 100 7242 25
7237 100 7242 25
7237 100 7182 25
7177 100 7182 25
7219 100 7182 25
7160 101 7182 25
7160 101 7126 25
7105 101 7126 25
7105 101 7073 25
7053 101 7073 25
7005 101 7073 25
7005 101 7023 25
6960 101 7023 25
7371 101 7256 25
7401 101 7256 25
7429 101 7256 25
7429 101 7293 25
7455 101 7293 25
7455 101 7328 25
7480 101 7328 25
7503 101 7328 25
7525 101 7328 25
7525 101 7360 25
7545 101 7360 25
7545 101 7390 25
7564 101 7390 25
7582 101 7390 25
7599 101 7390 25
7599 101 7419 25
7615 101 7419 25
7615 101 7446 25
7630 101 7446 25
7742 101 7446 25
7749 101 7446 25
7749 101 7471 25
7755 101 7471 25
7755 101 7593 25
7761 101 7593 25
7668 102 7593 25
7581 102 7593 25
7581 102 7511 25
7402 102 7511 26
6812 103 7073 26
6877 103 7073 26
6938 103 7073 26
6995 103 7073 26
6995 103 7121 26
6995 103 7166 26
7048 103 7166 26
7098 103 7166 26
7243 103 7166 26
7281 103 7166 26
7281 103 7307 26
7281 103 7341 26
7316 103 7341 26
7349 103 7341 26
7478 103 7341 26
7501 103 7341 26
7501 103 7471 26
7501 103 7495 26
7523 103 7495 26
7543 103 7495 26
7660 103 7495 26
7672 103 7495 26
7672 103 7615 26
7672 103 7630 26
7683 103 7630 26
7693 103 7630 26
7801 103 7630 26
7804 103 7630 26
7804 103 7742 26
7600 103 7625 27
7615 103 7625 27
7630 103 7625 27
7644 103 7625 27
7657 103 7625 27
7657 103 7639 27
7657 103 7652 27
7669 103 7652 27
7582 104 7652 27
7501 104 7652 27
7425 104 7652 27
7425 104 7566 27
7425 104 7486 27
7353 104 7486 27
7286 104 7486 27
7223 104 7486 27
7223 104 7411 27
7223 104 7340 27
7164 104 7340 27
7207 104 7340 27
7247 104 7340 27
7285 104 7340 27
7285 104 7372 27
7285 104 7402 27
7320 104 7402 27
7353 104 7402 27
7384 104 7402 27
7413 104 7402 27
7413 104 7430 27
7645 104 7484 28
7560 104 7484 28
7480 104 7484 28
7405 104 7484 28
7335 104 7484 28
7335 104 7409 28
7335 104 7436 28
7367 104 7436 28
7397 104 7436 28
7425 104 7436 28
7451 104 7436 28
7451 104 7462 28
7451 104 7486 28
7476 104 7486 28
7499 104 7486 28
7521 104 7486 28
7541 104 7486 28
7541 104 7509 28
7541 104 7530 28
7560 104 7530 28
7578 104 7530 28
7595 104 7530 28
7611 104 7530 28
7611 104 7550 28
7611 104 7569 28
7528 104 7569 29
7450 104 7569 29
7377 104 7569 29
7308 104 7569 29
7698 104 7624 29
7698 104 7638 29
7707 104 7638 29
7814 104 7638 29
7816 104 7638 29
7818 104 7638 29
7818 104 7651 29
7818 104 7663 29
7820 104 7663 29
7822 104 7663 29
7824 104 7663 29
7825 104 7663 29
7825 104 7675 29
7825 104 7686 29
7826 104 7686 29
7827 104 7686 29
7828 104 7686 29
7829 104 7686 29
7829 104 7696 29
7829 104 7705 29
7830 104 7705 29
7831 104 7705 29
7832 104 7705 29
7833 104 7705 29
7833 104 7714 29
7833 104 7722 29
7736 104 7722 30
7645 104 7722 30
7560 104 7722 30
7404 104 7438 31
7404 104 7464 31
7404 104 7488 31
7432 104 7488 31
7458 104 7488 31
7482 104 7488 31
7505 104 7488 31
7505 104 7510 31
7505 104 7531 31
7526 104 7531 31
7546 104 7531 31
7565 104 7531 31
7583 104 7531 31
7583 105 7453 31
7583 105 7380 31
7502 105 7380 31
7426 105 7380 31
7354 105 7380 31
7354 105 7311 31
7354 105 7247 31
7287 105 7247 31
7224 105 7247 31
7165 105 7247 31
7110 105 7247 31
7110 105 7285 31
7110 105 7320 31
7156 105 7320 31
7199 105 7320 31
7240 105 7320 31
7585 105 7489 31
7585 105 7511 31
7585 105 7630 31
7503 105 7630 32
7525 105 7630 32
7447 105 7630 32
7472 105 7630 32
7472 105 7546 32
7472 105 7467 32
7495 105 7467 32
7517 105 7467 32
7538 105 7467 32
7557 105 7467 32
7557 105 7491 32
7557 105 7513 32
7575 105 7513 32
7592 105 7513 32
7608 105 7513 32
7623 105 7513 32
7623 105 7534 32
7623 105 7554 32
7637 105 7554 32
7552 106 7554 32
7472 106 7554 32
7397 106 7554 32
7397 106 7474 32
7397 106 7399 32
7327 106 7399 32
7360 106 7399 32
7224 107 7229 32
7224 107 7268 32
7224 107 7304 32
7361 107 7304 32
7391 107 7304 32
7518 107 7304 32
7539 107 7304 32
7539 107 7436 32
7539 107 7462 32
7558 107 7462 32
7576 107 7462 32
7593 107 7462 32
7609 107 7462 32
7609 107 7486 32
7609 107 7509 32
7526 107 7509 33
7448 107 7509 33
7375 107 7509 33
7307 107 7509 33
7307 107 7432 33
7243 107 7432 33
7183 107 7432 33
7127 107 7432 33
7074 107 7432 33
7074 107 7360 33
7074 107 7292 33
7122 107 7292 33
7167 107 7292 33
7210 107 7292 33
7572 107 7471 33
7572 107 7495 33
7572 107 7517 33
7589 107 7517 33
7605 107 7517 33
7620 107 7517 33
7634 107 7517 33
7634 107 7538 33
7634 107 7655 33
7647 107 7655 33
7660 107 7655 33
7672 107 7655 33
7683 107 7655 33
7683 107 7667 33
7683 107 7776 33
7595 107 7776 34
7513 107 7776 34
7436 107 7776 34
7462 107 7776 34
7462 107 7682 34
7462 107 7594 34
7486 107 7594 34
7411 108 7594 34
7340 108 7594 34
7274 108 7594 34
7274 108 7512 34
7274 108 7435 34
7212 108 7435 34
7252 108 7435 34
7590 108 7568 34
7606 108 7568 34
7606 108 7585 34
7606 108 7601 34
7621 108 7601 34
7635 108 7601 34
7648 108 7601 34
7660 108 7601 34
7660 108 7616 34
7660 108 7630 34
7672 108 7630 34
7683 108 7630 34
7693 108 7630 34
7703 108 7630 34
7703 108 7644 34
7703 108 7657 34
7712 108 7657 34
7720 108 7657 34
7728 108 7657 34
7735 108 7657 34
7735 108 7767 34
7735 108 7674 35
7644 108 7674 35
7559 108 7674 35
7479 108 7674 35
7404 108 7674 35
7404 108 7587 35
7404 108 7603 35
7334 108 7603 36
7481 108 7534 36
7504 108 7534 36
7525 108 7534 36
7525 108 7554 36
7525 108 7474 37
7447 108 7474 37
7374 108 7474 37
7306 108 7474 37
7242 108 7474 37
7242 108 7399 37
7242 108 7427 37
7280 108 7427 37
7315 108 7427 37
7348 108 7427 37
7379 108 7427 37
7379 108 7453 37
7379 108 7478 37
7408 108 7478 37
7435 108 7478 37
7461 108 7478 37
7485 108 7478 37
7485 108 7501 37
7485 108 7523 37
7508 108 7523 37
7529 108 7523 37
7549 108 7523 37
7568 108 7523 37
7568 108 7543 37
7568 108 7562 37
7179 108 7366 38
7221 108 7366 38
7260 108 7366 38
7260 108 7396 38
7260 108 7424 38
7297 108 7424 38
7331 108 7424 38
7363 108 7424 38
7393 108 7424 38
7393 108 7450 38
7393 108 7475 38
7421 108 7475 38
7448 108 7475 38
7473 108 7475 38
7496 108 7475 38
7496 108 7498 38
7496 108 7520 38
7518 108 7520 38
7539 108 7520 38
7558 108 7520 38
7576 108 7520 38
7576 108 7540 38
7576 108 7559 38
7593 108 7559 38
7609 108 7559 38
7624 108 7559 38
7638 108 7559 38
7638 108 7577 38
7638 108 7594 38
7371 109 7319 38
7303 109 7319 38
7337 109 7319 38
7337 109 7352 38
7337 109 7383 38
7369 109 7383 38
7399 109 7383 38
7427 109 7383 38
7453 109 7383 38
7453 110 7314 38
7453 110 7249 38
7380 110 7249 38
7311 110 7249 38
7247 110 7249 38
7187 110 7249 38
7187 110 7286 38
7187 110 7321 38
7228 110 7321 38
7267 110 7321 38
7303 110 7321 38
7337 110 7321 38
7337 110 7354 38
7337 110 7483 38
7369 110 7483 38
7399 110 7483 38
7427 110 7483 38
7453 110 7483 38
7453 110 7506 38
7453 110 7625 38
7402 111 7626 38
7430 111 7626 38
7456 111 7626 38
7480 111 7626 38
7480 111 7640 38
7480 111 7653 38
7503 111 7653 38
7525 111 7653 38
7545 111 7653 38
7564 111 7653 38
7564 111 7665 38
7564 111 7676 38
7582 111 7676 38
7599 111 7676 38
7615 111 7676 38
7630 111 7676 38
7630 111 7687 38
7630 111 7697 38
7644 111 7697 38
7657 111 7697 38
7669 111 7697 38
7680 111 7697 38
7680 111 7706 38
7680 111 7617 39
7592 111 7617 39
7510 111 7617 39
7433 111 7617 39
7361 111 7617 39
7361 111 7533 39
7694 111 7646 39
7704 111 7646 39
7615 112 7646 39
7532 112 7646 39
7454 112 7646 39
7454 112 7561 39
7454 112 7481 39
7381 112 7481 39
7410 112 7481 39
7437 112 7481 39
7463 112 7481 39
7463 112 7504 39
7463 112 7525 39
7487 112 7525 39
7510 112 7525 39
7531 112 7525 39
7551 112 7525 39
7551 112 7545 39
7551 112 7564 39
7570 112 7564 39
7587 112 7564 39
7603 112 7564 39
7618 112 7564 39
7618 112 7582 39
7618 112 7599 39
7632 112 7599 39
7645 112 7599 39
7560 113 7599 39
7480 113 7599 39
7578 113 7552 39
7578 113 7668 39
7595 113 7668 39
7611 113 7668 39
7626 113 7668 39
7738 113 7668 39
7738 113 7679 39
7738 113 7690 39
7745 113 7690 39
7751 113 7690 39
7757 113 7690 39
7763 113 7690 39
7763 113 7700 39
7763 113 7709 39
7768 113 7709 39
7773 113 7709 39
7778 113 7709 39
7684 114 7709 39
7684 114 7620 39
7684 114 7536 39
7596 114 7536 39
7514 114 7536 39
7437 114 7536 39
7437 114 7457 39
7437 114 7383 39
7365 114 7383 39
7297 114 7383 39
7233 114 7383 39
7271 114 7383 39
7225 114 7465 40
7264 114 7465 40
7264 114 7489 40
7300 114 7489 40
7334 114 7489 40
7464 114 7489 40
7464 114 7511 40
7586 114 7511 40
7586 114 7532 40
7602 114 7532 40
7617 114 7532 40
7729 114 7532 40
7729 114 7552 40
7736 114 7552 40
7736 114 7570 40
7743 114 7570 40
7750 114 7570 40
7756 114 7570 40
7756 114 7587 40
7762 114 7587 40
7762 114 7603 40
7767 114 7603 40
7674 115 7603 40
7587 115 7603 40
7587 115 7520 40
7505 115 7520 40
7505 115 7442 40
7428 115 7442 40
7454 115 7442 40
7380 117 7425 40
7380 117 7255 40
7311 117 7255 40
7311 117 7194 40
7247 117 7194 40
7285 117 7194 40
7320 117 7194 40
7320 117 7235 40
7353 117 7235 40
7353 117 7273 40
7384 117 7273 40
7413 117 7273 40
7440 117 7273 40
7440 117 7309 40
7563 117 7309 40
7563 117 7343 40
7581 117 7343 40
7598 117 7343 40
7614 117 7343 40
7614 117 7375 40
7629 117 7375 40
7629 117 7405 40
7643 117 7405 40
7558 118 7405 40
7478 118 7405 40
7478 118 7335 40
7403 118 7335 40
7403 118 7269 40
7333 118 7269 40
7625 118 7455 40
7639 118 7455 40
7639 118 7480 40
7652 118 7480 40
7652 118 7503 40
7664 118 7503 40
7577 119 7503 40
7496 119 7503 40
7496 119 7427 40
7420 119 7427 40
7420 119 7355 40
7349 119 7355 40
7380 119 7355 40
7409 119 7355 40
7409 119 7386 40
7436 119 7386 40
7436 119 7415 40
7462 119 7415 40
7486 119 7415 40
7509 119 7415 40
7509 119 7442 40
7530 119 7442 40
7530 119 7467 40
7550 119 7467 40
7569 119 7467 40
7586 119 7467 40
7586 119 7491 40
7602 119 7491 40
7602 119 7513 40
7742 119 7620 40
7749 119 7620 40
7755 119 7620 40
7755 119 7634 40
7761 119 7634 40
7761 119 7647 40
7766 119 7647 40
7771 119 7647 40
7776 119 7647 40
7776 119 7660 40
7780 119 7660 40
7780 119 7672 40
7882 119 7672 40
7782 120 7672 40
7688 120 7672 40
7688 120 7585 40
7600 120 7585 40
7600 120 7503 40
7517 120 7503 40
7538 120 7503 40
7557 120 7503 40
7557 120 7525 40
7575 120 7525 40
7575 120 7545 40
7592 120 7545 40
7608 120 7545 40
7525 121 7545 40
7525 121 7466 40
7447 121 7466 40
7564 121 7538 40
7582 121 7538 40
7599 121 7538 40
7615 121 7538 40
7615 121 7557 40
7630 121 7557 40
7630 121 7575 40
7644 121 7575 40
7657 121 7575 40
7669 121 7575 40
7669 121 7592 40
7680 121 7592 40
7680 121 7608 40
7690 121 7608 40
7700 121 7608 40
7709 121 7608 40
7709 121 7623 40
7620 121 7623 41
7620 121 7539 41
7536 121 7539 41
7555 121 7539 41
7475 121 7539 41
7475 121 7460 41
7498 121 7460 41
7498 121 7484 41
7520 121 7484 41
7540 121 7484 41
7559 121 7484 41
7559 121 7507 41
7491 122 7518 41
7491 122 7441 41
7415 122 7441 41
7442 122 7441 41
7467 122 7441 41
7467 122 7466 41
7491 122 7466 41
7415 122 7466 41
7344 122 7466 41
7277 122 7466 41
7277 122 7392 41
7215 122 7392 41
7157 122 7392 41
7102 122 7392 41
7051 122 7392 41
7051 122 7322 41
7003 122 7322 41
6958 122 7322 41
6916 122 7322 41
6876 122 7322 41
6876 122 7257 41
6839 122 7257 41
6804 122 7257 41
6771 122 7257 41
6740 122 7257 41
6740 122 7196 41
6711 122 7196 41
6684 122 7196 41
6659 122 7196 41
6424 122 6988 41
6415 122 6988 41
6407 122 6988 41
6407 122 6944 41
6399 122 6944 41
6392 122 6944 41
6385 122 6944 41
6378 122 6944 41
6378 122 6902 41
6274 122 6902 42
6176 122 6902 42
6084 122 6902 42
5998 122 6902 42
5918 122 6902 42
5918 122 6765 42
5941 122 6765 42
5962 122 6765 42
5982 122 6765 42
6001 122 6765 42
6001 122 6735 42
6018 122 6735 42
6034 122 6735 42
6049 122 6735 42
6063 122 6735 42
6063 122 6707 42
6077 122 6707 42
6090 122 6707 42
6102 122 6707 42
6113 122 6707 42
5941 122 6610 43
5864 122 6610 43
5792 122 6610 43
5792 122 6491 43
5822 122 6491 43
5851 122 6491 43
5878 122 6491 43
5903 122 6491 43
5903 122 6478 43
5927 122 6478 43
5949 122 6478 43
5970 122 6478 43
5989 122 6478 43
5989 122 6466 43
6007 122 6466 43
6024 122 6466 43
6040 122 6466 43
6055 122 6466 43
6055 122 6454 43
6069 122 6454 43
6082 122 6454 43
6094 122 6454 43
6106 122 6454 43
6106 122 6443 43
6019 122 6443 44
5937 122 6443 44
5860 122 6443 44
5788 122 6443 44
5721 122 6443 44
5785 122 6319 45
5816 122 6319 45
5845 122 6319 45
5872 122 6319 45
5872 122 6317 45
5897 122 6317 45
5921 122 6317 45
5943 122 6317 45
5964 122 6317 45
5964 122 6315 45
5984 122 6315 45
6002 122 6315 45
6019 122 6315 45
6035 122 6315 45
6035 122 6313 45
6050 122 6313 45
6064 122 6313 45
6077 122 6313 45
6090 122 6313 45
6090 123 6213 45
6004 123 6213 45
5923 123 6213 45
5847 123 6213 45
5847 123 6119 45
5776 123 6119 45
5807 123 6119 45
5837 123 6119 45
5865 123 6119 45
5865 123 6129 45
6132 123 6155 45
6132 123 6163 45
6141 123 6163 45
6150 123 6163 45
6158 123 6163 45
6166 123 6163 45
6166 123 6170 45
6173 123 6170 45
6180 123 6170 45
6186 123 6170 45
6192 123 6170 45
6192 123 6177 45
6197 123 6177 45
6202 123 6177 45
6207 123 6177 45
6212 123 6177 45
6212 123 6183 45
6216 123 6183 45
6220 123 6183 45
6224 123 6183 45
6227 123 6183 45
6227 123 6189 45
6230 123 6189 45
6233 123 6189 45
6236 123 6189 45
6239 123 6189 45
6239 123 6195 45
6242 123 6195 45
6244 123 6195 45
5908 124 6116 45
5931 124 6116 45
5953 124 6116 45
5973 124 6116 45
5973 124 6126 45
5992 124 6126 45
6010 124 6126 45
5929 124 6126 45
5951 124 6126 45
5951 124 6136 45
5776 124 6136 46
5709 124 6136 46
5647 124 6136 46
5589 124 6136 46
5534 124 6136 46
5483 124 6136 46
5435 124 6136 46
5390 124 6136 46
5348 124 6136 46
5308 124 6136 46
5308 124 6047 46
5369 124 6047 46
5426 124 6047 46
5479 124 6047 46
5529 124 6047 46
5529 124 6062 46
5576 124 6062 46
5620 124 6062 46
5661 124 6062 46
6046 124 6112 46
6061 124 6112 46
6075 124 6112 46
6075 124 6122 46
6088 124 6122 46
6100 124 6122 46
6111 124 6122 46
6122 124 6122 46
6122 124 6132 46
6132 124 6132 46
6141 124 6132 46
6150 124 6132 46
6158 124 6132 46
6158 124 6141 46
6166 124 6141 46
6173 124 6141 46
6180 124 6141 46
6186 124 6141 46
6186 124 6150 46
6192 124 6150 46
6197 124 6150 46
6202 124 6150 46
6207 124 6150 46
6207 124 6158 46
6212 124 6158 46
6216 124 6158 46
6220 124 6158 46
6224 124 6158 46
6224 124 6166 46
6033 125 6002 46
6033 125 6019 46
6048 125 6019 46
6062 125 6019 46
6076 125 6019 46
6089 125 6019 46
6089 125 6035 46
6101 125 6035 46
6112 125 6035 46
6122 125 6035 46
6132 125 6035 46
6132 125 6050 46
6141 125 6050 46
6150 125 6050 46
6158 125 6050 46
6166 125 6050 46
6166 125 6064 46
6173 125 6064 46
6180 125 6064 46
6186 125 6064 46
6192 125 6064 46
6192 125 6077 46
6197 125 6077 46
6202 125 6077 46
6207 125 6077 46
6212 125 6077 46
6212 126 5992 46
6118 126 5992 46
6030 126 5992 46
5903 126 5891 46
5927 126 5891 46
5927 126 5915 46
5949 126 5915 46
5970 126 5915 46
5989 126 5915 46
6007 126 5915 46
6007 126 5938 46
6024 126 5938 46
6040 126 5938 46
6055 126 5938 46
6069 126 5938 46
6069 126 5959 46
6082 126 5959 46
6094 126 5959 46
6106 126 5959 46
6117 126 5959 46
6117 126 5979 46
6127 126 5979 46
6137 126 5979 46
6048 126 5979 46
6062 126 5979 46
6062 126 5998 46
6076 126 5998 46
6089 126 5998 46
6101 126 5998 46
6112 126 5998 46
6112 126 6016 46
6122 126 6016 46
5283 126 5656 46
5149 126 5656 47
5024 126 5656 47
4906 126 5656 47
4796 126 5656 47
4693 126 5656 47
4596 126 5656 47
4505 126 5656 47
4420 126 5656 47
4340 126 5656 47
4265 126 5656 47
4195 126 5656 47
4195 126 5597 47
4227 126 5597 47
4257 126 5597 47
4285 126 5597 47
4285 126 5542 47
4312 126 5542 47
4337 126 5542 47
4360 126 5542 47
4360 126 5490 47
4382 126 5490 47
4403 126 5490 47
4422 126 5490 47
4422 126 5441 47
4440 126 5441 47
4457 126 5441 47
4473 126 5441 47
4473 126 5395 47
4620 126 5239 47
4620 126 5206 47
4626 126 5206 47
4631 126 5206 47
4636 126 5206 47
4636 126 5175 47
4641 126 5175 47
4645 126 5175 47
4649 126 5175 47
4649 126 5146 47
4653 126 5146 47
4657 126 5146 47
4660 126 5146 47
4660 126 5119 47
4663 126 5119 47
4666 126 5119 47
4669 126 5119 47
4669 126 5094 47
4672 126 5094 47
4674 126 5094 47
4676 126 5094 47
4676 126 5070 47
4678 126 5070 47
4680 126 5070 47
4682 126 5070 47
4682 126 5048 47
4684 126 5048 47
4686 126 5048 47
4688 126 5048 47
4702 126 4956 47
4703 126 4956 47
4703 126 4941 47
4704 126 4941 47
4704 126 4941 47
4704 126 4941 47
4704 126 4927 47
4704 126 4927 47
4704 126 4927 47
4704 126 4927 47
4704 126 4914 47
4606 126 4914 48
4515 126 4914 48
4429 126 4914 48
4349 126 4914 48
4274 126 4914 48
4203 126 4914 48
4203 126 4901 48
4235 126 4901 48
4265 126 4901 48
4293 126 4901 48
4293 126 4889 48
4319 126 4889 48
4344 126 4889 48
4367 126 4889 48
4367 126 4878 48
4389 126 4878 48
4409 126 4878 48
4428 126 4878 48
3997 126 4751 49
3997 126 4749 49
4042 126 4749 49
4084 126 4749 49
4123 126 4749 49
4123 126 4747 49
4160 126 4747 49
4194 126 4747 49
4226 126 4747 49
4226 126 4745 49
4256 126 4745 49
4284 126 4745 49
4311 126 4745 49
4311 126 4743 49
4336 126 4743 49
4359 126 4743 49
4381 126 4743 49
4381 126 4741 49
4402 126 4741 49
4421 126 4741 49
4439 126 4741 49
4439 126 4739 49
4456 126 4739 49
4472 126 4739 49
4487 126 4739 49
4487 126 4737 49
4501 126 4737 49
4514 126 4737 49
4526 126 4737 49
4636 126 4731 49
4641 126 4731 49
4641 126 4730 49
4645 126 4730 49
4649 126 4730 49
4653 126 4730 49
4653 126 4729 49
4657 126 4729 49
4660 126 4729 49
4663 126 4729 49
4663 126 4728 49
4666 126 4728 49
4669 126 4728 49
4672 126 4728 49
4672 126 4727 49
4674 126 4727 49
4676 126 4727 49
4678 126 4727 49
4678 126 4726 49
4680 126 4726 49
4682 126 4726 49
4684 126 4726 49
4684 126 4725 49
4686 126 4725 49
4688 126 4725 49
4689 126 4725 49
4689 126 4724 49
4690 126 4724 49
4691 126 4724 49
4347 127 4530 49
4370 127 4530 49
4370 127 4541 49
4391 127 4541 49
4411 127 4541 49
4430 127 4541 49
4430 127 4552 49
4448 127 4552 49
4464 127 4552 49
4479 127 4552 49
4479 127 4562 49
4494 127 4562 49
4508 127 4562 49
4521 127 4562 49
4521 127 4571 49
4533 127 4571 49
4544 127 4571 49
4554 127 4571 49
4554 127 4580 49
4564 127 4580 49
4573 127 4580 49
4582 127 4580 49
4582 127 4588 49
4590 127 4588 49
4598 127 4588 49
4605 127 4588 49
4605 127 4596 49
4612 127 4596 49
4618 127 4596 49
4674 127 4628 49
4676 127 4628 49
4678 127 4628 49
4678 127 4633 49
4680 127 4633 49
4682 127 4633 49
4684 127 4633 49
4684 127 4638 49
4686 127 4638 49
4688 127 4638 49
4689 127 4638 49
4689 127 4643 49
4690 127 4643 49
4691 127 4643 49
4692 127 4643 49
4692 127 4647 49
4693 127 4647 49
4694 127 4647 49
4695 127 4647 49
4695 127 4651 49
4696 127 4651 49
4697 127 4651 49
4698 127 4651 49
4698 127 4655 49
4699 127 4655 49
4700 127 4655 49
4701 127 4655 49
4701 127 4659 49
4702 127 4659 49
4704 127 4674 49
4704 127 4674 49
4704 127 4674 49
4704 127 4674 49
4704 127 4676 49
4704 127 4676 49
4606 128 4676 49
4515 128 4676 49
4515 128 4580 49
4429 128 4580 49
4349 128 4580 49
4274 128 4580 49
4274 128 4588 49
4301 128 4588 49
4327 128 4588 49
4351 128 4588 49
4351 128 4596 49
4374 128 4596 49
4395 128 4596 49
4415 128 4596 49
4415 128 4603 49
4434 128 4603 49
4451 128 4603 49
4467 128 4603 49
4467 128 4610 49
4482 128 4610 49
4496 128 4610 49
4509 128 4610 49
4509 128 4616 49
4635 128 4638 49
4635 128 4643 49
4640 128 4643 49
4644 128 4643 49
4648 128 4643 49
4648 128 4647 49
4652 128 4647 49
4656 128 4647 49
4659 128 4647 49
4659 128 4651 49
4662 128 4651 49
4665 128 4651 49
4668 128 4651 49
4668 128 4655 49
4671 128 4655 49
4674 128 4655 49
4676 128 4655 49
4676 128 4659 49
4678 128 4659 49
4680 128 4659 49
4682 128 4659 49
4682 128 4662 49
4586 128 4662 49
4496 128 4662 49
4496 128 4567 49
4411 128 4567 49
4332 128 4567 49
4332 128 4478 49
4258 128 4478 49
3626 128 4051 49
3626 128 3994 49
3596 128 3994 49
3568 128 3994 49
3568 128 3941 49
3541 128 3941 49
3516 128 3941 49
3516 128 3891 49
3493 128 3891 49
3471 128 3891 49
3471 128 3844 49
3451 128 3844 49
3432 128 3844 49
3432 128 3800 49
3414 128 3800 49
3397 128 3800 49
3397 128 3759 49
3381 128 3759 49
3366 128 3759 49
3366 128 3721 49
3352 128 3721 49
3339 128 3721 49
3339 128 3685 49
3327 128 3685 49
3316 128 3685 49
3316 128 3651 49
3305 128 3651 49
3295 128 3651 49
3295 128 3619 49
3210 128 3466 49
3206 128 3466 49
3206 128 3446 49
3202 128 3446 49
3198 128 3446 49
3198 128 3427 49
3195 128 3427 49
3192 128 3427 49
3192 128 3409 49
3189 128 3409 49
3186 128 3409 49
3186 128 3392 49
3183 128 3392 49
3181 128 3392 49
3181 128 3376 49
3179 128 3376 49
3177 128 3376 49
3177 128 3361 49
3175 128 3361 49
3173 128 3361 49
3173 128 3347 49
3171 128 3347 49
3169 128 3347 49
3169 128 3334 49
3167 128 3334 49
3166 128 3334 49
3166 128 3322 49
3165 128 3322 49
3164 128 3322 49
3054 128 3257 49
3060 128 3257 49
3065 128 3257 49
3065 128 3250 49
3070 128 3250 49
3075 128 3250 49
3075 128 3243 49
3079 128 3243 49
3083 128 3243 49
3083 128 3237 49
3087 128 3237 49
3091 128 3237 49
3091 128 3231 49
3094 128 3231 49
3097 128 3231 49
3097 128 3226 49
3100 128 3226 49
3103 128 3226 49
3103 128 3221 49
3106 128 3221 49
3108 128 3221 49
3108 128 3216 49
3110 128 3216 49
3112 128 3216 49
3112 128 3211 49
3114 128 3211 49
3116 128 3211 49
3116 128 3207 49
3118 128 3207 49
3132 128 3187 49
3132 128 3184 49
3133 128 3184 49
3134 128 3184 49
3134 128 3181 49
3135 128 3181 49
3136 128 3181 49
3136 128 3179 49
3136 128 3179 49
3136 128 3179 49
3136 128 3177 49
3136 128 3177 49
3136 128 3177 49
3136 128 3175 49
3136 128 3175 49
3136 128 3175 49
3136 128 3173 49
3136 128 3173 49
3136 128 3173 49
3136 128 3171 49
3136 128 3171 49
3136 128 3171 49
3136 128 3169 49
3136 128 3169 49
3136 128 3169 49
3136 128 3167 49
3136 128 3167 49
3136 128 3167 49
3136 128 3166 49
3136 128 3160 49
3136 128 3160 49
3136 128 3159 49
3038 128 3159 50
2947 128 3159 50
2861 128 3159 50
2781 128 3159 50
2706 128 3159 50
2635 128 3159 50
2569 128 3159 50
2507 128 3159 50
2449 128 3159 50
2394 128 3159 50
2394 128 3060 50
2441 128 3060 50
2485 128 3060 50
2485 128 3065 50
2526 128 3065 50
2565 128 3065 50
2565 128 3070 50
2601 128 3070 50
2635 128 3070 50
2635 128 3075 50
2667 128 3075 50
2697 128 3075 50
2697 128 3079 50
2725 128 3079 50
2751 128 3079 50
2751 128 3083 50
2976 128 3103 50
2986 128 3103 50
2986 128 3106 50
2996 128 3106 50
3005 128 3106 50
3005 128 3108 50
3014 128 3108 50
3022 128 3108 50
3022 128 3110 50
3030 128 3110 50
3037 128 3110 50
3037 128 3112 50
3044 128 3112 50
3050 128 3112 50
3050 128 3114 50
3056 128 3114 50
3061 128 3114 50
3061 128 3116 50
3066 128 3116 50
3071 128 3116 50
3071 128 3118 50
3076 128 3118 50
3080 128 3118 50
3080 128 3120 50
3084 128 3120 50
3088 128 3120 50
3088 128 3121 50
3091 128 3121 50
3094 128 3121 50
3121 128 3128 50
3122 128 3128 50
3123 128 3128 50
3123 128 3129 50
3124 128 3129 50
3125 128 3129 50
3125 128 3130 50
3126 128 3130 50
3127 128 3130 50
3127 128 3131 50
3128 128 3131 50
3129 128 3131 50
3129 128 3132 50
3130 128 3132 50
3131 128 3132 50
3131 128 3133 50
3132 128 3133 50
3133 128 3133 50
3133 128 3134 50
3134 128 3134 50
3135 128 3134 50
3135 128 3135 50
3136 128 3135 50
3136 128 3135 50
3136 128 3136 50
3136 128 3136 50
3136 128 3136 50
3136 128 3136 50
3136 128 3136 50
3136 128 3136 50
3136 128 3136 50
3136 128 3136 50
3136 128 3136 50
3136 128 3136 50
3136 128 3136 50
3136 128 3136 50
3136 128 3136 50
3136 128 3136 50
3136 128 3136 50
3136 128 3136 50
3136 128 3136 50
3136 128 3136 50
3136 128 3136 50
3136 128 3136 50
3136 128 3136 50
3136 128 3136 50
3136 128 3136 50
3136 128 3136 50
3136 128 3136 50
3038 128 3136 50
3038 128 3038 50
2947 128 3038 50
2947 128 2947 50
2861 128 2947 50
2861 128 2861 50
2781 128 2861 50
2781 128 2781 50
2706 128 2781 50
2208 128 2208 50
2168 128 2208 50
2168 128 2168 50
2131 128 2168 50
2131 128 2131 50
2096 128 2131 50
2096 128 2096 50
2063 128 2096 50
2063 128 2063 50
2033 128 2063 50
2033 128 2033 50
2004 128 2033 50
2004 128 2004 50
1977 128 2004 50
1977 128 1977 50
1952 128 1977 50
1952 128 1952 50
1928 128 1952 50
1928 128 1928 50
1906 128 1928 50
1906 128 1906 50
1885 128 1906 50
1885 128 1885 50
1866 128 1885 50
1866 128 1866 50
1848 128 1866 50
1848 128 1848 50
1831 128 1848 50
1831 128 1831 50
1709 128 1718 50
1709 128 1709 50
1701 128 1709 50
1701 128 1701 50
1693 128 1701 50
1693 128 1693 50
1686 128 1693 50
1686 128 1686 50
1679 128 1686 50
1679 128 1679 50
1673 128 1679 50
1673 128 1673 50
1667 128 1673 50
1667 128 1667 50
1661 128 1667 50
1661 128 1661 50
1656 128 1661 50
1656 128 1656 50
1651 128 1656 50
1651 128 1651 50
1646 128 1651 50
1646 128 1646 50
1642 128 1646 50
1642 128 1642 50
1638 128 1642 50
1638 128 1638 50
1634 128 1638 50
1634 128 1634 50
1630 128 1634 50
1607 128 1607 50
1605 128 1607 50
1605 128 1605 50
1603 128 1605 50
1603 128 1603 50
1601 128 1603 50
1601 128 1601 50
1599 128 1601 50
1599 128 1599 50
1598 128 1599 50
1598 128 1598 50
1597 128 1598 50
1597 128 1597 50
1596 128 1597 50
1596 128 1596 50
1595 128 1596 50
1595 128 1595 50
1594 128 1595 50
1594 128 1594 50
1593 128 1594 50
1593 128 1593 50
1592 128 1593 50
1592 128 1592 50
1591 128 1592 50
1591 128 1591 50
1590 128 1591 50
1590 128 1590 50
1589 128 1590 50
1589 128 1589 50
1583 128 1583 50
1583 128 1583 50
1583 128 1583 50
1583 128 1583 50
1583 128 1583 50
1583 128 1583 50
1583 128 1583 50
1583 128 1583 50
1583 128 1583 50
1583 128 1583 50
1583 128 1583 50
1583 128 1583 50
1583 128 1583 50
1583 128 1583 50
1583 128 1583 50
1583 128 1583 50
1583 128 1583 50
1583 128 1583 50
1583 128 1583 50
1583 128 1583 50
1583 128 1583 50
1583 128 1583 50
1583 128 1583 50
1583 128 1583 50
1583 128 1583 50
1583 128 1583 50
1583 128 1583 50
1583 128 1583 50
1583 128 1583 50
1583 128 1583 50
1583 128 1583 50
1583 128 1583 50
1583 128 1583 50
1583 128 1583 50
1583 128 1583 50
1583 128 1583 50
1583 128 1583 50
1583 128 1583 50
1583 128 1583 50
1583 128 1583 50
1583 128 1583 50
1583 128 1583 50
1583 128 1583 50
1583 128 1583 50
1583 128 1583 50
1583 128 1583 50
1583 128 1583 50
1583 128 1583 50
1583 128 1583 50
1583 128 1583 50
1583 128 1583 50
1583 128 1583 50
1583 128 1583 50
1583 128 1583 50
1583 128 1583 50
1583 128 1583 50
1583 128 1583 50
1583 128 1583 50
1583 128 1583 50
1583 128 1583 50
1583 128 1583 50
1583 128 1583 50
1583 128 1583 50
1583 128 1583 50
1583 128 1583 50
1583 128 1583 50
1583 128 1583 50
1583 128 1583 50
1583 128 1583 50
1583 128 1583 50
1583 128 1583 50
1583 128 1583 50
1583 128 1583 50
1583 128 1583 50
1583 128 1583 50
1583 128 1583 50
1583 128 1583 50
1583 128 1583 50
1583 128 1583 50
1583 128 1583 50
1583 128 1583 50
1583 128 1583 50
1583 128 1583 50
1583 128 1583 50
1583 128 1583 50
1583 128 1583 50
1583 128 1583 50
1583 128 1583 50
1583 128 1583 50
1583 128 1583 50
1583 128 1583 50
1583 128 1583 50
1583 128 1583 50
1583 128 1583 50
1583 128 1583 50
1583 128 1583 50
1583 128 1583 50
1583 128 1583 50
1583 128 1583 50
1583 128 1583 50
1583 128 1583 50
1583 128 1583 50
1583 128 1583 50
1583 128 1583 50
1583 128 1583 50
1583 128 1583 50
1583 128 1583 50
1583 128 1583 50
1583 128 1583 50
1583 128 1583 50
1583 128 1583 50
1583 128 1583 50
1583 128 1583 50
1583 128 1583 50
1583 128 1583 50
1583 128 1583 50
1583 128 1583 50
1583 128 1583 50
1583 128 1583 50
1583 128 1583 50
1583 128 1583 50
1583 128 1485 50
1583 128 1485 50
1583 128 1491 50
1583 128 1491 50
1583 128 1496 50
1583 128 1496 50
1583 128 1501 50
1583 128 1501 50
1583 128 1506 50
1583 128 1506 50
1583 128 1510 50
1583 128 1510 50
1583 128 1514 50
1583 128 1514 50
1583 128 1518 50
1583 128 1518 50
1583 128 1522 50
1583 128 1522 50
1583 128 1525 50
1583 128 1525 50
1583 128 1528 50
1583 128 1528 50
1583 128 1531 50
1583 128 1531 50
1583 128 1553 50
1583 128 1553 50
1583 128 1554 50
1583 128 1554 50
1583 128 1555 50
1583 128 1555 50
1583 128 1556 50
1583 128 1556 50
1583 128 1557 50
1583 128 1557 50
1583 128 1558 50
1583 128 1558 50
1583 128 1559 50
1583 128 1559 50
1583 128 1560 50
1583 128 1560 50
1583 128 1561 50
1583 128 1561 50
1583 128 1562 50
1583 128 1562 50
1583 128 1563 50
1583 128 1563 50
1485 128 1563 50
1393 128 1563 50
1306 128 1563 50
1225 128 1563 50
1149 128 1563 50
1078 128 1563 50
1011 128 1563 50
284 128 1563 50
267 128 1563 50
251 128 1563 50
236 128 1563 50
222 128 1563 50
209 128 1563 50
196 128 1563 50
184 128 1563 50
173 128 1563 50
163 128 1563 50
153 128 1563 50
144 128 1563 50
135 128 1563 50
127 128 1563 50
120 128 1563 50
113 128 1563 50
106 128 1563 50
100 128 1563 50
94 128 1563 50
89 128 1563 50
84 128 1563 50
79 128 1563 50
75 128 1563 50
71 128 1563 50
67 128 1563 50
63 128 1563 50
60 128 1563 50
57 128 1563 50
54 128 1563 50
51 128 1563 50
17 128 1563 50
16 128 1563 50
15 128 1563 50
15 128 1563 50
15 128 1563 50
15 128 1563 50
15 128 1563 50
15 128 1563 50
15 128 1563 50
15 128 1563 50
15 128 1563 50
15 128 1563 50
15 128 1563 50
15 128 1563 50
15 128 1563 50
15 128 1563 50
15 128 1563 50
15 128 1563 50
15 128 1563 50
15 128 1563 50
15 128 1563 50
15 128 1563 50
15 128 1563 50
15 128 1563 50
15 128 1563 50
15 128 1563 50
15 128 1563 50
15 128 1563 50
15 128 1563 50
15 128 1563 50
15 128 1563 50
15 128 1563 50
15 128 1563 50
15 128 1563 50
15 128 1563 50
15 128 1563 50
15 128 1563 50
15 128 1563 50
15 128 1563 50
15 128 1563 50
15 128 1563 50
15 128 1563 50
15 128 1563 50
15 128 1563 50
15 128 1563 50
15 128 1563 50
15 128 1563 50
15 128 1563 50
15 128 1563 50
15 128 1563 50
15 128 1563 50
15 128 1563 50
15 128 1563 50
15 128 1563 50
15 128 1563 50
15 128 1563 50
15 128 1563 50
15 128 1563 50
15 128 1563 50
15 128 1563 50
15 128 1563 50
15 128 1563 50
15 128 1563 50
15 128 1563 50
15 128 1563 50
15 128 1563 50
15 128 1563 50
15 128 1563 50
15 128 1563 50
15 128 1563 50
15 128 1563 50
15 128 1563 50
15 128 1563 50
15 128 1563 50
15 128 1563 50
15 128 1563 50
15 128 1563 50
15 128 1563 50
15 128 1563 50
15 128 1563 50
15 128 1563 50
15 128 1563 50
15 128 1563 50
15 128 1563 50
15 128 1563 50
15 128 1563 50
15 128 1563 50
15 128 1563 50
15 128 1563 50
15 128 1563 50
15 128 1563 50
15 128 1563 50
15 128 1563 50
15 128 1563 50
15 128 1563 50
15 128 1563 50
15 128 1563 50
15 128 1563 50
15 128 1563 50
15 128 1563 50
15 128 1563 50
15 128 1563 50
15 128 1563 50
15 128 1563 50
15 128 1563 50
15 128 1563 50
15 128 1563 50
15 128 1563 50
15 128 1563 50
15 128 1563 50
15 128 1563 50
15 128 1563 50
15 128 1563 50
15 128 1563 50
15 128 1563 50
15 128 1563 50
15 128 1563 50
15 128 1563 50
15 128 1563 50
15 128 1563 50
15 128 1563 50
15 128 1563 50
15 128 1563 50
15 128 1563 50
15 128 1563 50
15 128 1563 50
15 128 1563 50
15 128 1563 50
15 128 1563 50
15 128 1563 50
15 128 1563 50
15 128 1563 50
15 128 1563 50
15 128 1563 50
15 128 1563 50
15 128 1563 50
15 128 1563 50
15 128 1563 50
15 128 1563 50
15 128 1563 50
15 128 1563 50
15 128 1563 50
15 128 1563 50
15 128 1563 50
15 128 1563 50
15 128 1563 50
15 128 1563 50
15 128 1563 50
15 128 1563 50
15 128 1563 50
15 128 1563 50
15 128 1563 50
15 128 1563 50
15 128 1563 50
15 128 1563 50
15 128 1563 50
15 128 1563 50
15 128 1563 50
15 128 1563 50
15 128 1563 50
15 128 1563 50
15 128 1563 50
15 128 1563 50
15 128 1563 50
15 128 1563 50
15 128 1563 50
15 128 1563 50
15 128 1563 50
15 128 1563 50
15 128 1563 50
15 128 1563 50
15 128 1563 50
15 128 1563 50
15 128 1563 50
15 128 1563 50
15 128 1563 50
15 128 1563 50
15 128 1563 50
15 128 1563 50
15 128 1563 50
